timestep,tcp_pose_0,tcp_pose_1,tcp_pose_2,tcp_pose_3,tcp_pose_4,tcp_pose_5,tcp_pose_6,target_pose_0,target_pose_1,target_pose_2,target_pose_3,target_pose_4,target_pose_5,target_pose_6,last_action_0,last_action_1,last_action_2,last_action_3,last_action_4,last_action_5,rotvec_action_0,rotvec_action_1,rotvec_action_2
0,-0.05238734930753708,0.3358131945133209,0.43999963998794556,-0.034096859395504,-0.989272952079773,0.13620801270008087,0.04029745236039162,0.20000000298023224,0.4000000059604645,0.30000001192092896,0.0,0.0,1.0,0.0,0.0,0.0,0.0,0.0,0.0,0.0,0.0,0.0,0.0
1,0.0032508117146790028,0.35165080428123474,0.4129146337509155,-0.029373668134212494,-0.9831084609031677,0.1785573661327362,0.027428191155195236,0.20000000298023224,0.4000000059604645,0.30000001192092896,0.0,0.0,1.0,0.0,0.05563821271061897,0.01583760604262352,-0.02708502672612667,0.002006669295951724,-0.02915005199611187,-0.08500131219625473,3.032071113586426,-0.5507012009620667,-0.08459319919347763
2,0.04808879271149635,0.3642246425151825,0.39049339294433594,-0.023892588913440704,-0.9735254645347595,0.22637738287448883,0.02075078710913658,0.20000000298023224,0.4000000059604645,0.30000001192092896,0.0,0.0,1.0,0.0,0.044838037341833115,0.012573862448334694,-0.022421283647418022,0.005208274815231562,-0.017377225682139397,-0.09739523380994797,3.012755870819092,-0.7005674242973328,-0.06421731412410736
3,0.08313221484422684,0.3737848103046417,0.3723900020122528,-0.018893027678132057,-0.9606492519378662,0.2765749394893646,0.01739085279405117,0.20000000298023224,0.4000000059604645,0.30000001192092896,0.0,0.0,1.0,0.0,0.03504347428679466,0.009560158476233482,-0.01810341328382492,0.005517435260117054,-0.010674680583178997,-0.10366123914718628,2.9821996688842773,-0.8585882782936096,-0.05398759990930557
4,0.11020884662866592,0.38089585304260254,0.35797977447509766,-0.014554656110703945,-0.9444169998168945,0.328036367893219,0.016024667769670486,0.20000000298023224,0.4000000059604645,0.30000001192092896,0.0,0.0,1.0,0.0,0.027076510712504387,0.007111002691090107,-0.0144101707264781,0.005178792867809534,-0.006407958455383778,-0.10800273716449738,2.939793348312378,-1.0211142301559448,-0.04988132417201996
5,0.13098685443401337,0.38609105348587036,0.346622496843338,-0.010895589366555214,-0.9248851537704468,0.3797655701637268,0.015711141750216484,0.20000000298023224,0.4000000059604645,0.30000001192092896,0.0,0.0,1.0,0.0,0.020778032019734383,0.00519519904628396,-0.01135727297514677,0.004481596406549215,-0.0038745568599551916,-0.11068733781576157,2.8856287002563477,-1.184863805770874,-0.049018681049346924
6,0.1468745768070221,0.38982972502708435,0.3377276659011841,-0.007852429524064064,-0.9022204279899597,0.4309123158454895,0.01585306227207184,0.20000000298023224,0.4000000059604645,0.30000001192092896,0.0,0.0,1.0,0.0,0.01588772051036358,0.003738666418939829,-0.008894828148186207,0.0036379785742610693,-0.002452600048854947,-0.11198163032531738,2.820326566696167,-1.3470250368118286,-0.049556419253349304
7,0.1590079367160797,0.3924870789051056,0.33078664541244507,-0.0053335935808718204,-0.8766599297523499,0.4808114767074585,0.016104167327284813,0.20000000298023224,0.4000000059604645,0.30000001192092896,0.0,0.0,1.0,0.0,0.012133329175412655,0.0026573471259325743,-0.0069409930147230625,0.002779097994789481,-0.0016918570036068559,-0.1122109666466713,2.7447962760925293,-1.5054055452346802,-0.05042138695716858
8,0.16827845573425293,0.394357830286026,0.3253801167011261,-0.0032493574544787407,-0.8484786152839661,0.5289691090583801,0.016283828765153885,0.20000000298023224,0.4000000059604645,0.30000001192092896,0.0,0.0,1.0,0.0,0.009270553477108479,0.001870742067694664,-0.005406522657722235,0.0019760392606258392,-0.0012955277925357223,-0.11166324466466904,2.660073757171631,-1.6583774089813232,-0.051051899790763855
9,0.17537471652030945,0.39566653966903687,0.32117149233818054,-0.0015233311569318175,-0.8179681897163391,0.5750302076339722,0.016313567757606506,0.20000000298023224,0.4000000059604645,0.30000001192092896,0.0,0.0,1.0,0.0,0.007096271496266127,0.0013086998369544744,-0.004208618309348822,0.0012626417446881533,-0.0010815307032316923,-0.1105550155043602,2.567233085632324,-1.804761290550232,-0.051201242953538895
10,0.18082325160503387,0.39658021926879883,0.31789469718933105,-9.401241550222039e-05,-0.7854270935058594,0.618742823600769,0.016173316165804863,0.20000000298023224,0.4000000059604645,0.30000001192092896,0.0,0.0,1.0,0.0,0.005448522046208382,0.0009136704029515386,-0.0032767814118415117,0.0006518446025438607,-0.0009453638340346515,-0.10903467237949371,2.4673449993133545,-1.943720817565918,-0.050806596875190735
11,0.18502458930015564,0.3972204029560089,0.3153407573699951,0.0010865489020943642,-0.7511582374572754,0.6599304676055908,0.0158739872276783,0.20000000298023224,0.4000000059604645,0.30000001192092896,0.0,0.0,1.0,0.0,0.004201348405331373,0.000640193116851151,-0.0025539440102875233,0.00014536753587890416,-0.0008310197736136615,-0.10719700902700424,-2.358201503753662,2.071800470352173,0.04983479902148247
12,0.18828266859054565,0.39767369627952576,0.3133455216884613,0.002055719029158354,-0.71546471118927,0.6984752416610718,0.015442141331732273,0.20000000298023224,0.4000000059604645,0.30000001192092896,0.0,0.0,1.0,0.0,0.0032580874394625425,0.0004532785096671432,-0.0019952382426708937,-0.00026028379215858877,-0.0007115616463124752,-0.10509785264730453,-2.2447609901428223,2.191458225250244,0.048449207097291946
13,0.19082774221897125,0.39800021052360535,0.311779648065567,0.002843213267624378,-0.6786511540412903,0.734303891658783,0.014910288155078888,0.20000000298023224,0.4000000059604645,0.30000001192092896,0.0,0.0,1.0,0.0,0.0025450573302805424,0.0003265068808104843,-0.0015658695483580232,-0.0005709022516384721,-0.0005772753502242267,-0.10276573896408081,-2.1281962394714355,2.3027162551879883,0.04675798490643501
14,0.19283391535282135,0.39824050664901733,0.31054073572158813,0.0034744231961667538,-0.6410266160964966,0.7673773765563965,0.014312787912786007,0.20000000298023224,0.4000000059604645,0.30000001192092896,0.0,0.0,1.0,0.0,0.0020061798859387636,0.00024030702479649335,-0.0012389133917167783,-0.0007933616871014237,-0.0004279433924239129,-0.1002102866768837,-2.0094025135040283,2.405468702316284,0.04486597329378128
15,0.19443264603614807,0.3984209895133972,0.30954739451408386,0.003970449790358543,-0.6029021739959717,0.7976879477500916,0.013681655749678612,0.20000000298023224,0.4000000059604645,0.30000001192092896,0.0,0.0,1.0,0.0,0.0015987352235242724,0.00018049600475933403,-0.0009933490073308349,-0.000935798161663115,-0.0002687438391149044,-0.0974288210272789,-1.889299988746643,2.4996960163116455,0.042873721569776535
16,0.19572266936302185,0.398558109998703,0.3087349534034729,0.004350962582975626,-0.5645920038223267,0.8252555727958679,0.01304544322192669,0.20000000298023224,0.4000000059604645,0.30000001192092896,0.0,0.0,1.0,0.0,0.0012900260044261813,0.00013712058716919273,-0.0008124414016492665,-0.0010065519018098712,-0.00010738214768934995,-0.09441100805997849,-1.768821358680725,2.5854601860046387,0.04087015986442566
17,0.1967775821685791,0.39866167306900024,0.3080524802207947,0.004634558688849211,-0.5264120101928711,0.8501262068748474,0.012428117915987968,0.20000000298023224,0.4000000059604645,0.30000001192092896,0.0,0.0,1.0,0.0,0.0010549199068918824,0.00010356056009186432,-0.0006824824376963079,-0.0010155298514291644,4.7405159421032295e-05,-0.091143898665905,-1.6489108800888062,2.662898540496826,0.03892946615815163
18,0.19765162467956543,0.39873746037483215,0.30746057629585266,0.004838523454964161,-0.48867690563201904,0.8723710179328918,0.011848209425807,0.20000000298023224,0.4000000059604645,0.30000001192092896,0.0,0.0,1.0,0.0,0.00087404326768592,7.578702934551984e-05,-0.0005919064278714359,-0.0009743519476614892,0.00018677274056244642,-0.08761651068925858,-1.530513882637024,2.7322235107421875,0.037108439952135086
19,0.1983841061592102,0.3987891674041748,0.3069298267364502,0.004979903809726238,-0.45169582962989807,0.8920863270759583,0.011318263597786427,0.20000000298023224,0.4000000059604645,0.30000001192092896,0.0,0.0,1.0,0.0,0.0007324806065298617,5.170116128283553e-05,-0.0005307394312694669,-0.000896066427230835,0.0003023327444680035,-0.0838247612118721,-1.4145623445510864,2.793721914291382,0.03544483706355095
20,0.19900298118591309,0.3988197445869446,0.30643951892852783,0.005074912216514349,-0.41576194763183594,0.9093946814537048,0.010843331925570965,0.20000000298023224,0.4000000059604645,0.30000001192092896,0.0,0.0,1.0,0.0,0.000618880323600024,3.0578954465454444e-05,-0.0004902947111986578,-0.0007955208420753479,0.00038715015398338437,-0.07977627962827682,-1.3019516468048096,2.8477540016174316,0.03395574912428856
21,0.199527770280838,0.398832231760025,0.30597639083862305,0.00513868872076273,-0.3811468183994293,0.9244415760040283,0.010422229766845703,0.20000000298023224,0.4000000059604645,0.30000001192092896,0.0,0.0,1.0,0.0,0.0005247941007837653,1.2476090887503233e-05,-0.0004631313495337963,-0.000688119966071099,0.0004372806288301945,-0.07549362629652023,-1.1935057640075684,2.894756317138672,0.03263549879193306
22,0.199972003698349,0.3988300859928131,0.3055332601070404,0.005184344947338104,-0.34808698296546936,0.9373940825462341,0.01004724856466055,0.20000000298023224,0.4000000059604645,0.30000001192092896,0.0,0.0,1.0,0.0,0.0004442284407559782,-2.1510757051146356e-06,-0.0004431384732015431,-0.0005886025610379875,0.00045191356912255287,-0.07101648300886154,-1.0899536609649658,2.935229778289795,0.03146085888147354
23,0.2003452032804489,0.39881718158721924,0.30510762333869934,0.005222610663622618,-0.3167780339717865,0.9484356641769409,0.009706590324640274,0.20000000298023224,0.4000000059604645,0.30000001192092896,0.0,0.0,1.0,0.0,0.0003731947799678892,-1.2913066711917054e-05,-0.0004256467509549111,-0.0005090952035970986,0.0004345388151705265,-0.06640039384365082,-0.9918931126594543,2.9697320461273193,0.030393429100513458
24,0.2006545513868332,0.39879751205444336,0.30470010638237,0.005260995589196682,-0.2873656153678894,0.9577605724334717,0.009385945275425911,0.20000000298023224,0.4000000059604645,0.30000001192092896,0.0,0.0,1.0,0.0,0.00030934406095184386,-1.965826413652394e-05,-0.00040750307380221784,-0.00045778974890708923,0.0003922731557395309,-0.061713576316833496,-0.8997739553451538,2.9988574981689453,0.029388343915343285
25,0.20090606808662415,0.3987749218940735,0.30431315302848816,0.0053030760027468204,-0.2599414587020874,0.9655672311782837,0.00907061155885458,0.20000000298023224,0.4000000059604645,0.30000001192092896,0.0,0.0,1.0,0.0,0.00025151693262159824,-2.260180190205574e-05,-0.000386946921935305,-0.0004380233585834503,0.00033518383861519396,-0.05703064426779747,-0.8138838410377502,3.0232205390930176,0.028400177136063576
26,0.20110541582107544,0.3987526297569275,0.3039497137069702,0.005348136182874441,-0.23454496264457703,0.972051203250885,0.008747972548007965,0.20000000298023224,0.4000000059604645,0.30000001192092896,0.0,0.0,1.0,0.0,0.00019934070587623864,-2.229725942015648e-05,-0.00036344333784654737,-0.0004480175848584622,0.0002746151003520936,-0.052425652742385864,-0.7343457937240601,3.0434353351593018,0.027389222756028175
27,0.20125824213027954,0.39873313903808594,0.3036124110221863,0.005392362363636494,-0.21116764843463898,0.9773988723754883,0.008409076370298862,0.20000000298023224,0.4000000059604645,0.30000001192092896,0.0,0.0,1.0,0.0,0.00015283211541827768,-1.9505154341459274e-05,-0.0003372940409462899,-0.0004816658911295235,0.00022104392701294273,-0.04796571284532547,-0.6611345410346985,3.0600924491882324,0.02632748894393444
28,0.20137037336826324,0.39871808886528015,0.3033030927181244,0.005429435987025499,-0.1897604614496231,0.9817824363708496,0.00804933626204729,0.20000000298023224,0.4000000059604645,0.30000001192092896,0.0,0.0,1.0,0.0,0.00011213053221581504,-1.5062559214129578e-05,-0.0003093208360951394,-0.000530388206243515,0.00018253187590744346,-0.043706174939870834,-0.5940980315208435,3.073744535446167,0.025200670585036278
29,0.20144763588905334,0.3987083435058594,0.303022563457489,0.005452323704957962,-0.17024272680282593,0.9853572845458984,0.0076686604879796505,0.20000000298023224,0.4000000059604645,0.30000001192092896,0.0,0.0,1.0,0.0,7.726385956630111e-05,-9.746384421305265e-06,-0.0002805250696837902,-0.0005844649276696146,0.0001637191599002108,-0.03968820720911026,-0.532984733581543,3.0848917961120605,0.024008534848690033
30,0.20149573683738708,0.3987041413784027,0.3027706742286682,0.005453396588563919,-0.1525113582611084,0.9882599711418152,0.007270789239555597,0.20000000298023224,0.4000000059604645,0.30000001192092896,0.0,0.0,1.0,0.0,4.8096142563736066e-05,-4.210043698549271e-06,-0.0002518917608540505,-0.0006349176401272416,0.00016570398292969912,-0.0359383188188076,-0.47747188806533813,3.093977451324463,0.02276282012462616
31,0.20152004063129425,0.3987051844596863,0.3025464117527008,0.005427409429103136,-0.13644905388355255,0.9906084537506104,0.006862608715891838,0.20000000298023224,0.4000000059604645,0.30000001192092896,0.0,0.0,1.0,0.0,2.4303084501298144e-05,1.0571442317086621e-06,-0.0002242486079921946,-0.0006738234660588205,0.0001861185737652704,-0.03246988356113434,-0.4271915853023529,3.101381301879883,0.021485159173607826
32,0.20152543485164642,0.3987109363079071,0.30234822630882263,0.005370547529309988,-0.12193114310503006,0.9925030469894409,0.006452732253819704,0.20000000298023224,0.4000000059604645,0.30000001192092896,0.0,0.0,1.0,0.0,5.398167104431195e-06,5.7539905355952214e-06,-0.00019817902648355812,-0.0006960656610317528,0.00022046724916435778,-0.029285285621881485,-0.38175317645072937,3.10742449760437,0.020202716812491417
33,0.20151624083518982,0.3987206220626831,0.3021741211414337,0.005282214377075434,-0.10883186757564545,0.9940277338027954,0.006050788797438145,0.20000000298023224,0.4000000059604645,0.30000001192092896,0.0,0.0,1.0,0.0,-9.192119250656106e-06,9.69013217400061e-06,-0.00017409949214197695,-0.0006985209765844047,0.0002627984795253724,-0.026378540322184563,-0.34075939655303955,3.112372398376465,0.01894526556134224
34,0.2014961540699005,0.3987334370613098,0.30202192068099976,0.005163960624486208,-0.09702659398317337,0.995252251625061,0.005665885750204325,0.20000000298023224,0.4000000059604645,0.30000001192092896,0.0,0.0,1.0,0.0,-2.0086172298761085e-05,1.2824777513742447e-05,-0.0001522007369203493,-0.000680806115269661,0.00030684631201438606,-0.023737916722893715,-0.3038221001625061,3.1164395809173584,0.01774199865758419
35,0.20146825909614563,0.39874860644340515,0.3018893599510193,0.005020196083933115,-0.08639910817146301,0.9962338805198669,0.005306735634803772,0.20000000298023224,0.4000000059604645,0.30000001192092896,0.0,0.0,1.0,0.0,-2.7890841010957956e-05,1.5159976101131178e-05,-0.00013254760415293276,-0.0006442543235607445,0.0003468484792392701,-0.021347660571336746,-0.2705656886100769,3.119797468185425,0.01661834865808487
36,0.20143508911132812,0.3987653851509094,0.301774263381958,0.004857000429183245,-0.07683674246072769,0.9970194697380066,0.004979724530130625,0.20000000298023224,0.4000000059604645,0.30000001192092896,0.0,0.0,1.0,0.0,-3.3168831578223035e-05,1.676594911259599e-05,-0.00011509536125231534,-0.0005921348929405212,0.0003779024991672486,-0.01919061318039894,-0.24064570665359497,3.1225807666778564,0.015595994889736176
37,0.20139865577220917,0.3987831175327301,0.3016745150089264,0.004681526217609644,-0.06823629885911942,0.9976471662521362,0.004689443856477737,0.20000000298023224,0.4000000059604645,0.30000001192092896,0.0,0.0,1.0,0.0,-3.642678711912595e-05,1.7739554095896892e-05,-9.973523992812261e-05,-0.0005285986117087305,0.00039688506512902677,-0.01724802516400814,-0.21373306214809418,3.124894380569458,0.014688411727547646
38,0.2013605535030365,0.3988012969493866,0.3015882074832916,0.004501522518694401,-0.06050146743655205,0.9981481432914734,0.00443807290866971,0.20000000298023224,0.4000000059604645,0.30000001192092896,0.0,0.0,1.0,0.0,-3.809627378359437e-05,1.8174294382333755e-05,-8.630333468317986e-05,-0.00045827144640497863,0.0004020736669190228,-0.015501530840992928,-0.18952961266040802,3.1268200874328613,0.013903015293180943
39,0.20132200419902802,0.3988194763660431,0.30151358246803284,0.004324259702116251,-0.053546756505966187,0.9985470175743103,0.004225966054946184,0.20000000298023224,0.4000000059604645,0.30000001192092896,0.0,0.0,1.0,0.0,-3.855169052258134e-05,1.8175413060816936e-05,-7.46349833207205e-05,-0.00038587674498558044,0.00039339970680885017,-0.01393293309956789,-0.16775968670845032,3.1284213066101074,0.013239716179668903
40,0.20128391683101654,0.3988373279571533,0.3014490306377411,0.004156772047281265,-0.04729228466749191,0.9988642334938049,0.00405120849609375,0.20000000298023224,0.4000000059604645,0.30000001192092896,0.0,0.0,1.0,0.0,-3.808826659223996e-05,1.7840508007793687e-05,-6.454168033087626e-05,-0.0003156498132739216,0.00037188836722634733,-0.012525576166808605,-0.14818018674850464,3.1297473907470703,0.012693537399172783
41,0.2012469470500946,0.3988545835018158,0.30139318108558655,0.004004066344350576,-0.04166616126894951,0.9991159439086914,0.00391023326665163,0.20000000298023224,0.4000000059604645,0.30000001192092896,0.0,0.0,1.0,0.0,-3.696378553286195e-05,1.7242971807718277e-05,-5.583940219366923e-05,-0.00025137217016890645,0.0003399149572942406,-0.011263317428529263,-0.13056541979312897,3.1308393478393555,0.012253137305378914
42,0.2012115865945816,0.3988710641860962,0.3013448119163513,0.0038694802206009626,-0.03660362586379051,0.9993151426315308,0.0037984135560691357,0.20000000298023224,0.4000000059604645,0.30000001192092896,0.0,0.0,1.0,0.0,-3.535893119988032e-05,1.6466994566144422e-05,-4.835976506001316e-05,-0.0001955181360244751,0.0003003508900292218,-0.01013138797134161,-0.1147131696343422,3.131730794906616,0.011903982609510422
43,0.2011781483888626,0.39888662099838257,0.30130288004875183,0.003755874466150999,-0.03204714134335518,0.999472439289093,0.0037106398958712816,0.20000000298023224,0.4000000059604645,0.30000001192092896,0.0,0.0,1.0,0.0,-3.344506330904551e-05,1.556510142108891e-05,-4.193512722849846e-05,-0.00014947094314265996,0.0002562821900937706,-0.009116187691688538,-0.10044201463460922,3.132449150085449,0.01162984874099493
44,0.20114679634571075,0.39890122413635254,0.30126646161079407,0.0036634879652410746,-0.027945157140493393,0.999596118927002,0.0036413604393601418,0.20000000298023224,0.4000000059604645,0.30000001192092896,0.0,0.0,1.0,0.0,-3.135088991257362e-05,1.4595221728086472e-05,-3.643063973868266e-05,-0.00011430904123699293,0.00021101246238686144,-0.008205517195165157,-0.08759111166000366,3.1330204010009766,0.011413367465138435
45,0.2011176496744156,0.39891481399536133,0.30123475193977356,0.003591962857171893,-0.02425151877105236,0.9996930360794067,0.00358529738150537,0.20000000298023224,0.4000000059604645,0.30000001192092896,0.0,0.0,1.0,0.0,-2.9151293347240426e-05,1.3581197890744079e-05,-3.170399213558994e-05,-8.960217382991686e-05,0.00016738484555389732,-0.0073883445002138615,-0.07601665705442429,3.1334667205810547,0.01123804971575737
46,0.2010907083749771,0.39892739057540894,0.3012070953845978,0.003538795979693532,-0.02092490717768669,0.9997685551643372,0.0035375694278627634,0.20000000298023224,0.4000000059604645,0.30000001192092896,0.0,0.0,1.0,0.0,-2.693493115657475e-05,1.2567732483148575e-05,-2.7644913643598557e-05,-7.462874054908752e-05,0.00012796977534890175,-0.00665471563115716,-0.06559000164270401,3.1338090896606445,0.01108864787966013
47,0.20106595754623413,0.39893895387649536,0.30118295550346375,0.0035012452863156796,-0.017927922308444977,0.9998270869255066,0.0034941816702485085,0.20000000298023224,0.4000000059604645,0.30000001192092896,0.0,0.0,1.0,0.0,-2.4748000214458443e-05,1.1568982699827757e-05,-2.4148355805664323e-05,-6.757416122127324e-05,9.442576993023977e-05,-0.005995727144181728,-0.05619601905345917,3.1340672969818115,0.01095280610024929
48,0.20104330778121948,0.3989495635032654,0.30116182565689087,0.003475853707641363,-0.015226682648062706,0.999872088432312,0.0034519957844167948,0.20000000298023224,0.4000000059604645,0.30000001192092896,0.0,0.0,1.0,0.0,-2.2646005163551308e-05,1.0608602678985335e-05,-2.112342008331325e-05,-6.665960245300084e-05,6.786147423554212e-05,-0.005403331480920315,-0.04773039370775223,3.13425874710083,0.010820825584232807
49,0.201022669672966,0.3989592492580414,0.3011433184146881,0.003459403058513999,-0.01279208343476057,0.9999064207077026,0.0034090166445821524,0.20000000298023224,0.4000000059604645,0.30000001192092896,0.0,0.0,1.0,0.0,-2.0636025510611944e-05,9.697582754597533e-06,-1.8505286789149977e-05,-6.980225589359179e-05,4.866728704655543e-05,-0.00487032113596797,-0.04009844362735748,3.134398937225342,0.010686153545975685
50,0.20100390911102295,0.39896807074546814,0.3011270761489868,0.003447839990258217,-0.010596287436783314,0.9999322891235352,0.0033639748580753803,0.20000000298023224,0.4000000059604645,0.30000001192092896,0.0,0.0,1.0,0.0,-1.875922316685319e-05,8.834991604089737e-06,-1.6233605492743663e-05,-7.522590749431401e-05,3.6640558391809464e-05,-0.004390490707010031,-0.033218830823898315,3.134503126144409,0.010545305907726288
51,0.20098689198493958,0.3989761173725128,0.3011128306388855,0.003438660642132163,-0.008617803454399109,0.9999514818191528,0.003316926071420312,0.20000000298023224,0.4000000059604645,0.30000001192092896,0.0,0.0,1.0,0.0,-1.701616020000074e-05,8.034613529162016e-06,-1.42442995638703e-05,-8.082464773906395e-05,3.089467281824909e-05,-0.003958032000809908,-0.02701348252594471,3.1345818042755127,0.010397594422101974
52,0.20097148418426514,0.3989833891391754,0.30110031366348267,0.0034292431082576513,-0.006834031082689762,0.9999654293060303,0.0032682146411389112,0.20000000298023224,0.4000000059604645,0.30000001192092896,0.0,0.0,1.0,0.0,-1.5409814295708202e-05,7.285457286343444e-06,-1.2504588994488586e-05,-8.545890887035057e-05,3.0262861400842667e-05,-0.003568530548363924,-0.02142198756337166,3.1346442699432373,0.010244963690638542
53,0.2009575366973877,0.3989900052547455,0.301089346408844,0.003417203202843666,-0.005225049797445536,0.999975323677063,0.003218766301870346,0.20000000298023224,0.4000000059604645,0.30000001192092896,0.0,0.0,1.0,0.0,-1.3942982150183525e-05,6.61136573398835e-06,-1.0980945262417663e-05,-8.80140796652995e-05,3.337422458571382e-05,-0.0032173877116292715,-0.016380712389945984,3.1346991062164307,0.010090225376188755
54,0.2009449303150177,0.3989959955215454,0.3010796904563904,0.0034021828323602676,-0.003774880664423108,0.9999820590019226,0.0031701368279755116,0.20000000298023224,0.4000000059604645,0.30000001192092896,0.0,0.0,1.0,0.0,-1.2612122191058006e-05,5.975458861939842e-06,-9.650271749706008e-06,-8.754544251132756e-05,3.858813943224959e-05,-0.0029006008990108967,-0.011833477765321732,3.1347501277923584,0.009937761351466179
55,0.2009335160255432,0.3990013897418976,0.3010712265968323,0.0033839440438896418,-0.0024668665137141943,0.9999863505363464,0.0031235897913575172,0.20000000298023224,0.4000000059604645,0.30000001192092896,0.0,0.0,1.0,0.0,-1.1414254913688637e-05,5.405489446275169e-06,-8.477550181851257e-06,-8.426904969383031e-05,4.455903763300739e-05,-0.0026150678750127554,-0.007735037244856358,3.1347999572753906,0.00979210902005434
56,0.20092318952083588,0.39900627732276917,0.30106377601623535,0.0033623671624809504,-0.0012884273892268538,0.9999887943267822,0.003080477239564061,0.20000000298023224,0.4000000059604645,0.30000001192092896,0.0,0.0,1.0,0.0,-1.0324048162146937e-05,4.884321242570877e-06,-7.455330433003837e-06,-7.840916805434972e-05,5.0194656068924814e-05,-0.002357520628720522,-0.0040382808074355125,3.134850263595581,0.009656878188252449
57,0.20091384649276733,0.39901068806648254,0.30105721950531006,0.003338287118822336,-0.00022529579291585833,0.9999898076057434,0.0030417947564274073,0.20000000298023224,0.4000000059604645,0.30000001192092896,0.0,0.0,1.0,0.0,-9.3470907813753e-06,4.416424872033531e-06,-6.556790594913764e-06,-7.022284262347966e-05,5.440125460154377e-05,-0.002125543775036931,-0.0007075580069795251,3.134901523590088,0.00953592173755169
58,0.20090538263320923,0.3990146815776825,0.30105143785476685,0.003312776330858469,0.0007326821214519441,0.9999897480010986,0.0030083879828453064,0.20000000298023224,0.4000000059604645,0.30000001192092896,0.0,0.0,1.0,0.0,-8.466059625789057e-06,3.987830041296547e-06,-5.774479632236762e-06,-6.045587360858917e-05,5.662301555275917e-05,-0.0019163970137014985,0.0022975613828748465,3.1349520683288574,0.00943120289593935
59,0.2008976936340332,0.3990182876586914,0.30104634165763855,0.003286908380687237,0.0015976590802893043,0.9999889135360718,0.0029804978985339403,0.20000000298023224,0.4000000059604645,0.30000001192092896,0.0,0.0,1.0,0.0,-7.668661964999046e-06,3.5970472254120978e-06,-5.093496383778984e-06,-4.988573709852062e-05,5.651423634844832e-05,-0.0017281357431784272,0.005005845800042152,3.135000705718994,0.009344164282083511
60,0.20089074969291687,0.39902153611183167,0.301041841506958,0.003262351034209132,0.002376660006120801,0.9999874830245972,0.0029582909774035215,0.20000000298023224,0.4000000059604645,0.30000001192092896,0.0,0.0,1.0,0.0,-6.942602340131998e-06,3.243144647058216e-06,-4.504155640461249e-06,-3.922842370229773e-05,5.409726873040199e-05,-0.0015583890490233898,0.00745165953412652,3.135045289993286,0.009274453856050968
61,0.20088446140289307,0.39902445673942566,0.30103784799575806,0.0032397015020251274,0.0030796180944889784,0.9999856948852539,0.0029412119183689356,0.20000000298023224,0.4000000059604645,0.30000001192092896,0.0,0.0,1.0,0.0,-6.289000339165796e-06,2.9246323265397223e-06,-3.993790869571967e-06,-2.944841980934143e-05,4.9688016588333994e-05,-0.0014058011583983898,0.009654873050749302,3.135084867477417,0.009221088141202927
62,0.20087876915931702,0.3990270793437958,0.3010343015193939,0.003219674341380596,0.003713632235303521,0.9999836683273315,0.0029286749195307493,0.20000000298023224,0.4000000059604645,0.30000001192092896,0.0,0.0,1.0,0.0,-5.69183612242341e-06,2.6346185677539324e-06,-3.5519713037501788e-06,-2.084896004816983e-05,4.3697749788407236e-05,-0.0012683826498687267,0.011643488891422749,3.135118246078491,0.009181860834360123
63,0.20087361335754395,0.3990294635295868,0.3010311424732208,0.0032028660643845797,0.00428575137630105,0.9999814629554749,0.0029198904521763325,0.20000000298023224,0.4000000059604645,0.30000001192092896,0.0,0.0,1.0,0.0,-5.153159236215288e-06,2.377014652665821e-06,-3.1652859888708917e-06,-1.3771653357252944e-05,3.6624169297283515e-05,-0.0011447283904999495,0.013437531888484955,3.1351447105407715,0.009154409170150757
64,0.20086896419525146,0.3990316092967987,0.301028311252594,0.0031897530425339937,0.004803011659532785,0.9999791979789734,0.0029139164835214615,0.20000000298023224,0.4000000059604645,0.30000001192092896,0.0,0.0,1.0,0.0,-4.656205419450998e-06,2.1369196474552155e-06,-2.8419308364391327e-06,-8.469820386380889e-06,2.9051398087176494e-05,-0.0010333987884223461,0.015056842938065529,3.1351635456085205,0.00913586188107729
65,0.2008647620677948,0.3990335166454315,0.30102574825286865,0.003180335508659482,0.005269233137369156,0.9999768137931824,0.002909835195168853,0.20000000298023224,0.4000000059604645,0.30000001192092896,0.0,0.0,1.0,0.0,-4.201720003038645e-06,1.9173137388861505e-06,-2.549868213463924e-06,-5.100294856674736e-06,2.163359931728337e-05,-0.0009329679305665195,0.016521215438842773,3.1351752281188965,0.009123025462031364
66,0.20086097717285156,0.39903524518013,0.3010234534740448,0.0031741366256028414,0.0056903176009655,0.9999746084213257,0.0029066945426166058,0.20000000298023224,0.4000000059604645,0.30000001192092896,0.0,0.0,1.0,0.0,-3.7897029869782273e-06,1.727137714624405e-06,-2.287607685502735e-06,-3.5390257835388184e-06,1.4898274457664229e-05,-0.0008426177664659917,0.017841346561908722,3.1351802349090576,0.009113217703998089
67,0.20085756480693817,0.39903679490089417,0.30102139711380005,0.003170560346916318,0.006071019917726517,0.999972403049469,0.00290373875759542,0.20000000298023224,0.4000000059604645,0.30000001192092896,0.0,0.0,1.0,0.0,-3.412144678804907e-06,1.5529803931713104e-06,-2.062600060526165e-06,-3.4332276754867053e-06,9.197089639201295e-06,-0.0007610994507558644,0.019033782184123993,3.1351804733276367,0.009104011580348015
68,0.20085449516773224,0.3990381956100464,0.3010195195674896,0.003168891416862607,0.006414819974452257,0.9999702572822571,0.0029004383832216263,0.20000000298023224,0.4000000059604645,0.30000001192092896,0.0,0.0,1.0,0.0,-3.065506462007761e-06,1.3976358559375512e-06,-1.8629245914780768e-06,-4.386156888358528e-06,4.7818757593631744e-06,-0.0006874608807265759,0.020111944526433945,3.1351771354675293,0.009093665517866611
69,0.20085173845291138,0.39903944730758667,0.3010178506374359,0.0031691298354417086,0.006725037936121225,0.9999682307243347,0.002896481892094016,0.20000000298023224,0.4000000059604645,0.30000001192092896,0.0,0.0,1.0,0.0,-2.753886064965627e-06,1.255143502021383e-06,-1.6781501699369983e-06,-5.950778813712532e-06,1.6943552054726752e-06,-0.0006209793500602245,0.02108561433851719,3.1351704597473145,0.009081227704882622
70,0.2008492648601532,0.3990405797958374,0.30101633071899414,0.003169964300468564,0.007005160674452782,0.9999663233757019,0.0028915354050695896,0.20000000298023224,0.4000000059604645,0.30000001192092896,0.0,0.0,1.0,0.0,-2.4674111500644358e-06,1.1258758831900195e-06,-1.5157274901866913e-06,-8.140132194967009e-06,7.75791733076403e-08,-0.0005609545041806996,0.02196410298347473,3.135162830352783,0.009065698832273483
71,0.20084704458713531,0.3990415930747986,0.3010149598121643,0.0031707987654954195,0.007258824072778225,0.9999644756317139,0.002885624300688505,0.20000000298023224,0.4000000059604645,0.30000001192092896,0.0,0.0,1.0,0.0,-2.214650294263265e-06,1.00722536444664e-06,-1.3577752042692737e-06,-1.0189041859121062e-05,-3.098510319432535e-07,-0.0005066844751127064,0.022757263854146004,3.135155439376831,0.009047247469425201
72,0.20084506273269653,0.3990425169467926,0.3010137379169464,0.003171514021232724,0.007487670984119177,0.9999628067016602,0.002878958825021982,0.20000000298023224,0.4000000059604645,0.30000001192092896,0.0,0.0,1.0,0.0,-1.988525127671892e-06,9.092502182284079e-07,-1.2221746601426275e-06,-1.1866167369589675e-05,2.668239176273346e-07,-0.00045745549141429365,0.02347537688910961,3.135148763656616,0.009026321582496166
73,0.20084327459335327,0.39904332160949707,0.30101263523101807,0.003171633230522275,0.007693795021623373,0.9999613165855408,0.0028717443346977234,0.20000000298023224,0.4000000059604645,0.30000001192092896,0.0,0.0,1.0,0.0,-1.7871731188279227e-06,8.166767884176807e-07,-1.0962597798425122e-06,-1.3141334420652129e-05,1.6243196796494885e-06,-0.00041295617120340466,0.024123119190335274,3.135143756866455,0.009003628976643085
74,0.20084166526794434,0.39904406666755676,0.3010116517543793,0.003170560346916318,0.007879974320530891,0.9999598264694214,0.0028642427641898394,0.20000000298023224,0.4000000059604645,0.30000001192092896,0.0,0.0,1.0,0.0,-1.6081729654615629e-06,7.339753551605099e-07,-9.73325199993269e-07,-1.3817474609822966e-05,3.439281272221706e-06,-0.0003727841249201447,0.024706413969397545,3.135141134262085,0.008980131708085537
75,0.20084021985530853,0.3990447223186493,0.30101078748703003,0.003168295370414853,0.008047927170991898,0.9999585151672363,0.002856888109818101,0.20000000298023224,0.4000000059604645,0.30000001192092896,0.0,0.0,1.0,0.0,-1.450779450351547e-06,6.630085636061267e-07,-8.66036884872301e-07,-1.3629719433083665e-05,5.334708930604393e-06,-0.00033642977359704673,0.025233194231987,3.135141611099243,0.008957075886428356
76,0.20083890855312347,0.39904531836509705,0.30101001262664795,0.0031653153710067272,0.008200264535844326,0.9999573230743408,0.002849999815225601,0.20000000298023224,0.4000000059604645,0.30000001192092896,0.0,0.0,1.0,0.0,-1.3084733154755668e-06,5.96512109041214e-07,-7.706694304943085e-07,-1.2691692063526716e-05,6.999168817856116e-06,-0.0003035607805941254,0.025708310306072235,3.135143756866455,0.008935646153986454
77,0.20083771646022797,0.3990458548069,0.30100932717323303,0.003161619883030653,0.008337318897247314,0.9999561905860901,0.0028438603039830923,0.20000000298023224,0.4000000059604645,0.30000001192092896,0.0,0.0,1.0,0.0,-1.1851661838591099e-06,5.400739837568835e-07,-6.909482408445911e-07,-1.1320785233692732e-05,8.356664693565108e-06,-0.0002737167233135551,0.026139216497540474,3.1351478099823,0.008916350081562996
78,0.200836643576622,0.3990463316440582,0.3010087013244629,0.0031572093721479177,0.00846043974161148,0.9999552369117737,0.002838666317984462,0.20000000298023224,0.4000000059604645,0.30000001192092896,0.0,0.0,1.0,0.0,-1.0719173815232352e-06,4.869885970038013e-07,-6.171874815663614e-07,-9.564682841300964e-06,9.207520633935928e-06,-0.0002468737948220223,0.026526931673288345,3.135153293609619,0.008900000713765621
79,0.2008356750011444,0.39904677867889404,0.3010081648826599,0.003152798395603895,0.008571646176278591,0.9999542832374573,0.0028345559258013964,0.20000000298023224,0.4000000059604645,0.30000001192092896,0.0,0.0,1.0,0.0,-9.75804937297653e-07,4.4452028191699355e-07,-5.441717689791403e-07,-7.453561011061538e-06,9.428057637705933e-06,-0.00022275326773524284,0.026875227689743042,3.1351592540740967,0.008887166157364845
80,0.20083478093147278,0.3990471661090851,0.3010076880455017,0.003148506861180067,0.008671864867210388,0.9999534487724304,0.0028314993251115084,0.20000000298023224,0.4000000059604645,0.30000001192092896,0.0,0.0,1.0,0.0,-8.877017876329774e-07,3.9851292399362137e-07,-4.860572744291858e-07,-5.426630650617881e-06,9.122583833232056e-06,-0.00020101098925806582,0.027189888060092926,3.135164976119995,0.008877592161297798
81,0.20083478093147278,0.3990471661090851,0.3010076880455017,0.0031443345360457897,0.00876234658062458,0.9999526739120483,0.0028294112998992205,0.20000000298023224,0.4000000059604645,0.30000001192092896,0.0,0.0,1.0,0.0,-8.042552508413792e-07,3.6368146538734436e-07,-4.383735472401895e-07,-3.5494565508997766e-06,8.34176353237126e-06,-0.0001814651332097128,0.02747354656457901,3.1351709365844727,0.008871080353856087
82,0.20083387196063995,0.3990475535392761,0.3010072112083435,0.003140996675938368,0.008844512514770031,0.9999520182609558,0.002828210825100541,0.20000000298023224,0.4000000059604645,0.30000001192092896,0.0,0.0,1.0,0.0,-9.119161745729798e-07,3.871508056363382e-07,-4.74136328421082e-07,-1.810863636819704e-06,7.198844286904205e-06,-0.00016383854381274432,0.027729671448469162,3.1351757049560547,0.008867382071912289
83,0.20083387196063995,0.3990475535392761,0.3010072112083435,0.0031384932808578014,0.008919335901737213,0.9999513030052185,0.0028276487719267607,0.20000000298023224,0.4000000059604645,0.30000001192092896,0.0,0.0,1.0,0.0,-8.074217703324393e-07,3.4319236874580383e-07,-4.264526012320857e-07,-5.815178383272723e-07,5.76833281229483e-06,-0.00014790175191592425,0.027962345629930496,3.135178565979004,0.008865658193826675
84,0.20083297789096832,0.39904794096946716,0.3010067641735077,0.003136466722935438,0.008986162021756172,0.9999507665634155,0.002827496500685811,0.20000000298023224,0.4000000059604645,0.30000001192092896,0.0,0.0,1.0,0.0,-8.904957553568238e-07,3.7262216778799484e-07,-4.5923516722723434e-07,1.5459954738616943e-07,4.382524821266998e-06,-0.00013342677266336977,0.02817429043352604,3.135180711746216,0.008865151554346085
85,0.20083297789096832,0.39904794096946716,0.3010067641735077,0.0031350362114608288,0.009046170860528946,0.9999502301216125,0.0028276308439671993,0.20000000298023224,0.4000000059604645,0.30000001192092896,0.0,0.0,1.0,0.0,-7.703551432314271e-07,3.2475219313710113e-07,-4.1155144003823807e-07,6.698072070321359e-07,2.9117800295352936e-06,-0.00012054173566866666,0.028363633900880814,3.1351816654205322,0.008865573443472385
86,0.20083214342594147,0.3990482985973358,0.3010063171386719,0.003134440165013075,0.009100347757339478,0.9999497532844543,0.002827885327860713,0.20000000298023224,0.4000000059604645,0.30000001192092896,0.0,0.0,1.0,0.0,-8.377828635275364e-07,3.4281984540029953e-07,-4.353933036327362e-07,8.642673492431641e-07,1.6168690990525647e-06,-0.0001089843935915269,0.02853367105126381,3.135181427001953,0.008866378106176853
87,0.20083214342594147,0.3990482985973358,0.3010063171386719,0.0031342017464339733,0.009149543009698391,0.9999492764472961,0.0028280660044401884,0.20000000298023224,0.4000000059604645,0.30000001192092896,0.0,0.0,1.0,0.0,-7.103779466888227e-07,2.9401854817479034e-07,-3.8025902426852554e-07,6.750225907126151e-07,5.082227403363504e-07,-9.858934208750725e-05,0.028687233105301857,3.1351804733276367,0.008866947144269943
88,0.20083214342594147,0.3990482985973358,0.3010063171386719,0.0031346785835921764,0.00919388234615326,0.9999488592147827,0.002828092547133565,0.20000000298023224,0.4000000059604645,0.30000001192092896,0.0,0.0,1.0,0.0,-7.623457349836826e-07,3.0687078833580017e-07,-4.0708110304876755e-07,3.255903777699132e-07,-3.038905731500563e-07,-8.913604688132182e-05,0.028826646506786346,3.135178327560425,0.008867021650075912
89,0.20083214342594147,0.3990482985973358,0.3010063171386719,0.0031351554207503796,0.00923385564237833,0.9999485015869141,0.0028278084937483072,0.20000000298023224,0.4000000059604645,0.30000001192092896,0.0,0.0,1.0,0.0,-8.131959816637391e-07,3.202818277259212e-07,-4.2943284483953903e-07,-3.322959116758284e-07,-7.241033017635345e-07,-8.061854168772697e-05,0.028952298685908318,3.135176181793213,0.00886611919850111
90,0.20083129405975342,0.3990486264228821,0.30100587010383606,0.003135870210826397,0.00927006732672453,0.9999480843544006,0.002827255753800273,0.20000000298023224,0.4000000059604645,0.30000001192092896,0.0,0.0,1.0,0.0,-8.538016231796064e-07,3.316439745049138e-07,-4.488043430228572e-07,-8.951872700890817e-07,-8.865259815138415e-07,-7.290719076991081e-05,0.02906551957130432,3.135173797607422,0.008864382281899452
91,0.20083129405975342,0.3990486264228821,0.30100587010383606,0.0031367046758532524,0.009303071536123753,0.9999477863311768,0.0028264138381928205,0.20000000298023224,0.4000000059604645,0.30000001192092896,0.0,0.0,1.0,0.0,-7.02741090208292e-07,2.822838780502934e-07,-3.869645297527313e-07,-1.483783194089483e-06,-8.492730785292224e-07,-6.594834849238396e-05,0.029168136417865753,3.1351711750030518,0.008861756883561611
92,0.20083129405975342,0.3990486264228821,0.30100587010383606,0.003137062769383192,0.009333301335573196,0.9999476075172424,0.0028252603951841593,0.20000000298023224,0.4000000059604645,0.30000001192092896,0.0,0.0,1.0,0.0,-7.327296884795942e-07,2.9774383847325225e-07,-3.966502788443904e-07,-2.085790129058296e-06,-4.6929343966439774e-07,-5.954382868367247e-05,0.02926156297326088,3.135169506072998,0.008858196437358856
93,0.20083129405975342,0.3990486264228821,0.30100587010383606,0.0031369435600936413,0.009361078962683678,0.9999473094940186,0.002823951654136181,0.20000000298023224,0.4000000059604645,0.30000001192092896,0.0,0.0,1.0,0.0,-7.673748996239738e-07,3.025866988082271e-07,-4.1006134665622085e-07,-2.3506581783294678e-06,-1.3969838619232178e-09,-5.363850141293369e-05,0.02934708632528782,3.1351687908172607,0.008854185231029987
94,0.20083129405975342,0.3990486264228821,0.30100587010383606,0.0031368243508040905,0.009385607205331326,0.9999471306800842,0.0028226941358298063,0.20000000298023224,0.4000000059604645,0.30000001192092896,0.0,0.0,1.0,0.0,-7.969909461280622e-07,3.102235552887578e-07,-4.264526012320857e-07,-2.314150378879276e-06,4.3818727135658264e-07,-4.821149559575133e-05,0.02942568063735962,3.1351685523986816,0.008850161917507648
95,0.20083129405975342,0.3990486264228821,0.30100587010383606,0.0031362283043563366,0.009407351724803448,0.9999468922615051,0.0028214831836521626,0.20000000298023224,0.4000000059604645,0.30000001192092896,0.0,0.0,1.0,0.0,-8.239993007919111e-07,3.193505051513057e-07,-4.3390318182900955e-07,-2.2705644369125366e-06,8.852221071720123e-07,-4.339395309216343e-05,0.029495039954781532,3.13516902923584,0.008846305310726166
96,0.20083045959472656,0.39904895424842834,0.30100542306900024,0.0031357514671981335,0.009426732547581196,0.9999467134475708,0.0028204526752233505,0.20000000298023224,0.4000000059604645,0.30000001192092896,0.0,0.0,1.0,0.0,-8.457922717752808e-07,3.2493844059899857e-07,-4.4060871573492477e-07,-1.9468368464004016e-06,1.189205818263872e-06,-3.91337089240551e-05,0.029556551948189735,3.135169267654419,0.00884303543716669
97,0.20083045959472656,0.39904895424842834,0.30100542306900024,0.0031350362114608288,0.009444096125662327,0.9999465942382812,0.0028195632621645927,0.20000000298023224,0.4000000059604645,0.30000001192092896,0.0,0.0,1.0,0.0,-6.850459612905979e-07,2.7334317564964294e-07,-3.668479564566951e-07,-1.6883016087376745e-06,1.3575889852290857e-06,-3.534136340022087e-05,0.029611386358737946,3.1351702213287354,0.008840232156217098
98,0.20083045959472656,0.39904895424842834,0.30100542306900024,0.0031342017464339733,0.009459731169044971,0.9999464154243469,0.0028188638389110565,0.20000000298023224,0.4000000059604645,0.30000001192092896,0.0,0.0,1.0,0.0,-7.038586886665144e-07,2.8004870955555816e-07,-3.728084436716017e-07,-1.3150274753570557e-06,1.475308067711012e-06,-3.193644806742668e-05,0.029660506173968315,3.135171413421631,0.00883804727345705
99,0.20083045959472656,0.39904895424842834,0.30100542306900024,0.003133367281407118,0.009473882615566254,0.9999462962150574,0.0028183709364384413,0.20000000298023224,0.4000000059604645,0.30000001192092896,0.0,0.0,1.0,0.0,-7.222988642752171e-07,2.8433279908313125e-07,-3.795139491558075e-07,-9.018928039949969e-07,1.4574267197531299e-06,-2.885488902393263e-05,0.029704716056585312,3.1351726055145264,0.008836522698402405
100,0.20083045959472656,0.39904895424842834,0.30100542306900024,0.003132652025669813,0.009486778639256954,0.9999461770057678,0.0028180740773677826,0.20000000298023224,0.4000000059604645,0.30000001192092896,0.0,0.0,1.0,0.0,-7.414841434183472e-07,2.9066578122183273e-07,-3.832392394542694e-07,-5.07012032358034e-07,1.3203360822444665e-06,-2.6093703127116896e-05,0.029744775965809822,3.135173797607422,0.00883561559021473
101,0.20083045959472656,0.39904895424842834,0.30100542306900024,0.00313217518851161,0.009498534724116325,0.9999460577964783,0.002817933214828372,0.20000000298023224,0.4000000059604645,0.30000001192092896,0.0,0.0,1.0,0.0,-7.573166271868104e-07,2.949498707494058e-07,-3.869645297527313e-07,-1.9855797006584908e-07,1.1147000122946338e-06,-2.357838638999965e-05,0.029781272634863853,3.135174512863159,0.008835187181830406
102,0.20083045959472656,0.39904895424842834,0.30100542306900024,0.003131698351353407,0.009508990682661533,0.9999459385871887,0.002817880129441619,0.20000000298023224,0.4000000059604645,0.30000001192092896,0.0,0.0,1.0,0.0,-7.703551432314271e-07,2.9774383847325225e-07,-3.921799418549199e-07,-3.315508578793924e-08,9.105540925702371e-07,-2.1291058146744035e-05,0.02981455996632576,3.1351749897003174,0.00883502047508955
103,0.20083045959472656,0.39904895424842834,0.30100542306900024,0.0031313407234847546,0.00951834674924612,0.999945878982544,0.002817915054038167,0.20000000298023224,0.4000000059604645,0.30000001192092896,0.0,0.0,1.0,0.0,-7.824623367014283e-07,3.012828528881073e-07,-4.01865690946579e-07,1.370906801412275e-07,6.557442588928097e-07,-1.9277911633253098e-05,0.029844194650650024,3.1351754665374756,0.008835136890411377
104,0.20083045959472656,0.39904895424842834,0.30100542306900024,0.003131102304905653,0.00952675100415945,0.9999457597732544,0.0028179995715618134,0.20000000298023224,0.4000000059604645,0.30000001192092896,0.0,0.0,1.0,0.0,-7.919617814877711e-07,3.0202792800082534e-07,-4.0335581275030563e-07,2.320855827520063e-07,4.0838494896888733e-07,-1.7465930795879103e-05,0.029870688915252686,3.1351757049560547,0.008835410699248314
105,0.20083045959472656,0.39904895424842834,0.30100542306900024,0.0031309830956161022,0.009534353390336037,0.9999457001686096,0.002818104811012745,0.20000000298023224,0.4000000059604645,0.30000001192092896,0.0,0.0,1.0,0.0,-8.042552508413792e-07,3.0240045134632965e-07,-4.085712248524942e-07,2.6896597660197585e-07,1.7145649167105148e-07,-1.5862566215218976e-05,0.029894527047872543,3.1351757049560547,0.0088357450440526
106,0.20083045959472656,0.39904895424842834,0.30100542306900024,0.0031309830956161022,0.009541266597807407,0.9999456405639648,0.0028182012028992176,0.20000000298023224,0.4000000059604645,0.30000001192092896,0.0,0.0,1.0,0.0,-8.11705831438303e-07,3.1115487786337326e-07,-4.1155144003823807e-07,2.4363399120375107e-07,-2.9709189774962397e-08,-1.440672258468112e-05,0.029916085302829742,3.1351754665374756,0.008836044929921627
107,0.20083045959472656,0.39904895424842834,0.30100542306900024,0.003131102304905653,0.0095475809648633,0.9999455809593201,0.0028182663954794407,0.20000000298023224,0.4000000059604645,0.30000001192092896,0.0,0.0,1.0,0.0,-8.17107491002389e-07,3.102235552887578e-07,-4.16021805449418e-07,1.7210841463111137e-07,-1.7425045939489792e-07,-1.3076048162474763e-05,0.029935667291283607,3.1351749897003174,0.008836244232952595
108,0.20083045959472656,0.39904895424842834,0.30100542306900024,0.003131102304905653,0.00955338403582573,0.9999455213546753,0.002818265464156866,0.20000000298023224,0.4000000059604645,0.30000001192092896,0.0,0.0,1.0,0.0,-8.256756700575352e-07,3.096647560596466e-07,-4.219822642426152e-07,3.2410024886075917e-08,-2.5918708956851333e-07,-1.1867564353451598e-05,0.029953565448522568,3.1351747512817383,0.008836234919726849
109,0.20083045959472656,0.39904895424842834,0.30100542306900024,0.0031313407234847546,0.009558750316500664,0.9999454617500305,0.002818243345245719,0.20000000298023224,0.4000000059604645,0.30000001192092896,0.0,0.0,1.0,0.0,-8.320086521962367e-07,3.122724763215956e-07,-4.257075545410771e-07,-1.3411045607369942e-08,-3.27732408322845e-07,-1.0754447430372238e-05,0.029970018193125725,3.13517427444458,0.008836166001856327
110,0.20083045959472656,0.39904895424842834,0.30100542306900024,0.0031313407234847546,0.009563742205500603,0.9999454021453857,0.0028181332163512707,0.20000000298023224,0.4000000059604645,0.30000001192092896,0.0,0.0,1.0,0.0,-8.3498889580369e-07,3.126449996670999e-07,-4.257075545410771e-07,-1.858919915775914e-07,-3.0687078833580017e-07,-9.72626730799675e-06,0.029985222965478897,3.135174036026001,0.008835829794406891
111,0.20083045959472656,0.39904895424842834,0.30100542306900024,0.0031314599327743053,0.009568416513502598,0.9999454021453857,0.002818011213093996,0.20000000298023224,0.4000000059604645,0.30000001192092896,0.0,0.0,1.0,0.0,-8.433707989752293e-07,3.14321368932724e-07,-4.264526012320857e-07,-2.0340085882253334e-07,-3.00910329542603e-07,-8.756202078075148e-06,0.02999935671687126,3.135173797607422,0.008835462853312492
112,0.20083045959472656,0.39904895424842834,0.30100542306900024,0.003131579142063856,0.009572823531925678,0.999945342540741,0.002817832864820957,0.20000000298023224,0.4000000059604645,0.30000001192092896,0.0,0.0,1.0,0.0,-8.467235943498963e-07,3.178604117692885e-07,-4.286877981485304e-07,-2.9578805538221786e-07,-2.4130568476721237e-07,-7.845740583434235e-06,0.0300125814974308,3.1351733207702637,0.008834939450025558
113,0.20082944631576538,0.3990493416786194,0.30100488662719727,0.003131698351353407,0.009577016346156597,0.9999452829360962,0.002817598870024085,0.20000000298023224,0.4000000059604645,0.30000001192092896,0.0,0.0,1.0,0.0,-8.523115297975892e-07,3.215857020677504e-07,-4.3241308844699233e-07,-3.7029386135145614e-07,-1.474283664038012e-07,-6.997864602453774e-06,0.030025066807866096,3.1351730823516846,0.008834265172481537
114,0.20082944631576538,0.3990493416786194,0.30100488662719727,0.003131698351353407,0.009581044316291809,0.9999452829360962,0.0028173215687274933,0.20000000298023224,0.4000000059604645,0.30000001192092896,0.0,0.0,1.0,0.0,-6.291666068136692e-07,2.541579249282222e-07,-3.370456340689998e-07,-4.075467643360753e-07,-1.1315569281578064e-07,-6.19916272626142e-06,0.030036961659789085,3.1351728439331055,0.008833473548293114
115,0.20082944631576538,0.3990493416786194,0.30100488662719727,0.003131698351353407,0.009584645740687847,0.9999452233314514,0.0028170456644147635,0.20000000298023224,0.4000000059604645,0.30000001192092896,0.0,0.0,1.0,0.0,-6.304704811554984e-07,2.524815556625981e-07,-3.3257529707952926e-07,-3.9711594013169815e-07,1.0523945270790591e-08,-5.400460395321716e-06,0.030048342421650887,3.1351728439331055,0.008832625113427639
116,0.20082944631576538,0.3990493416786194,0.30100488662719727,0.0031312215141952038,0.009587771259248257,0.9999452233314514,0.0028167779091745615,0.20000000298023224,0.4000000059604645,0.30000001192092896,0.0,0.0,1.0,0.0,-6.358721407195844e-07,2.563931218446669e-07,-3.340654188832559e-07,-3.855675458908081e-07,1.4165416928335617e-07,-4.691165031545097e-06,0.030058521777391434,3.1351733207702637,0.008831780403852463
117,0.20082944631576538,0.3990493416786194,0.30100488662719727,0.0031313407234847546,0.009590472094714642,0.9999451637268066,0.0028166912961751223,0.20000000298023224,0.4000000059604645,0.30000001192092896,0.0,0.0,1.0,0.0,-6.407150294762687e-07,2.575106918811798e-07,-3.3853575587272644e-07,-1.1660159060511432e-07,1.1930242749258468e-07,-4.051905307278503e-06,0.0300673246383667,3.1351733207702637,0.008831367827951908
118,0.20082944631576538,0.3990493416786194,0.30100488662719727,0.003131102304905653,0.009592832066118717,0.9999451637268066,0.0028165557887405157,0.20000000298023224,0.4000000059604645,0.30000001192092896,0.0,0.0,1.0,0.0,-6.4388149212391e-07,2.5900081368490646e-07,-3.3555554068698257e-07,-1.9147992702528427e-07,1.7443672106765007e-07,-3.5422854125499725e-06,0.030074991285800934,3.1351735591888428,0.008830981329083443
119,0.20082944631576538,0.3990493416786194,0.30100488662719727,0.003131102304905653,0.009594875387847424,0.9999451637268066,0.002816506428644061,0.20000000298023224,0.4000000059604645,0.30000001192092896,0.0,0.0,1.0,0.0,-6.446265956583375e-07,2.5862829033940216e-07,-3.3779070918171783e-07,-6.37024655247842e-08,1.5506520867347717e-07,-3.0654482543468475e-06,0.030081650242209435,3.135173797607422,0.008830759674310684
120,0.20082944631576538,0.3990493416786194,0.30100488662719727,0.003131102304905653,0.009594875387847424,0.9999451637268066,0.002816506428644061,0.20000000298023224,0.4000000059604645,0.30000001192092896,0.0,0.0,1.0,0.0,-6.492832085314149e-07,2.5900081368490646e-07,-3.400258776764531e-07,-7.00354618743404e-08,1.6102568167752906e-07,-2.673547669473919e-06,0.030087444931268692,3.135174036026001,0.008830597624182701
121,0.20082944631576538,0.3990493416786194,0.30100488662719727,0.003131102304905653,0.009594875387847424,0.9999451637268066,0.002816506428644061,0.20000000298023224,0.4000000059604645,0.30000001192092896,0.0,0.0,1.0,0.0,-6.489106567642011e-07,2.6067718295053055e-07,-3.407709243674617e-07,-7.189810702357136e-08,1.6102568167752906e-07,-2.675037876542774e-06,0.030087444931268692,3.135174036026001,0.008830593898892403
122,0.20082944631576538,0.3990493416786194,0.30100488662719727,0.003131102304905653,0.009594875387847424,0.9999451637268066,0.002816506428644061,0.20000000298023224,0.4000000059604645,0.30000001192092896,0.0,0.0,1.0,0.0,-6.492832085314149e-07,2.608634588341374e-07,-3.407709243674617e-07,-7.115304612170803e-08,1.6102568167752906e-07,-2.673547669473919e-06,0.030087441205978394,3.135174036026001,0.008830594830214977
123,0.20082944631576538,0.3990493416786194,0.30100488662719727,0.003131102304905653,0.009594875387847424,0.9999451637268066,0.002816506428644061,0.20000000298023224,0.4000000059604645,0.30000001192092896,0.0,0.0,1.0,0.0,-6.492832085314149e-07,2.6067718295053055e-07,-3.407709243674617e-07,-7.115304612170803e-08,1.6102568167752906e-07,-2.673547669473919e-06,0.030087441205978394,3.135174036026001,0.008830594830214977
124,0.20082944631576538,0.3990493416786194,0.30100488662719727,0.003131102304905653,0.009594875387847424,0.9999451637268066,0.002816506428644061,0.20000000298023224,0.4000000059604645,0.30000001192092896,0.0,0.0,1.0,0.0,-6.492832085314149e-07,2.6067718295053055e-07,-3.407709243674617e-07,-7.115304612170803e-08,1.6102568167752906e-07,-2.673547669473919e-06,0.030087441205978394,3.135174036026001,0.008830594830214977
125,0.20082944631576538,0.3990493416786194,0.30100488662719727,0.003131102304905653,0.009594875387847424,0.9999451637268066,0.002816506428644061,0.20000000298023224,0.4000000059604645,0.30000001192092896,0.0,0.0,1.0,0.0,-6.492832085314149e-07,2.6067718295053055e-07,-3.407709243674617e-07,-7.115304612170803e-08,1.6102568167752906e-07,-2.673547669473919e-06,0.030087441205978394,3.135174036026001,0.008830594830214977
126,0.20082944631576538,0.3990493416786194,0.30100488662719727,0.003131102304905653,0.009594875387847424,0.9999451637268066,0.002816506428644061,0.20000000298023224,0.4000000059604645,0.30000001192092896,0.0,0.0,1.0,0.0,-6.492832085314149e-07,2.6067718295053055e-07,-3.407709243674617e-07,-7.115304612170803e-08,1.6102568167752906e-07,-2.673547669473919e-06,0.030087441205978394,3.135174036026001,0.008830594830214977
127,0.20082944631576538,0.3990493416786194,0.30100488662719727,0.003131102304905653,0.009594875387847424,0.9999451637268066,0.002816506428644061,0.20000000298023224,0.4000000059604645,0.30000001192092896,0.0,0.0,1.0,0.0,-6.492832085314149e-07,2.6067718295053055e-07,-3.407709243674617e-07,-7.115304612170803e-08,1.6102568167752906e-07,-2.673547669473919e-06,0.030087441205978394,3.135174036026001,0.008830594830214977
128,0.20082944631576538,0.3990493416786194,0.30100488662719727,0.003131102304905653,0.009594875387847424,0.9999451637268066,0.002816506428644061,0.20000000298023224,0.4000000059604645,0.30000001192092896,0.0,0.0,1.0,0.0,-6.492832085314149e-07,2.6067718295053055e-07,-3.407709243674617e-07,-7.115304612170803e-08,1.6102568167752906e-07,-2.673547669473919e-06,0.030087441205978394,3.135174036026001,0.008830594830214977
129,0.20082944631576538,0.3990493416786194,0.30100488662719727,0.003131102304905653,0.009594875387847424,0.9999451637268066,0.002816506428644061,0.20000000298023224,0.4000000059604645,0.30000001192092896,0.0,0.0,1.0,0.0,-6.492832085314149e-07,2.6067718295053055e-07,-3.407709243674617e-07,-7.115304612170803e-08,1.6102568167752906e-07,-2.673547669473919e-06,0.030087441205978394,3.135174036026001,0.008830594830214977
130,0.20082944631576538,0.3990493416786194,0.30100488662719727,0.003131102304905653,0.009594875387847424,0.9999451637268066,0.002816506428644061,0.20000000298023224,0.4000000059604645,0.30000001192092896,0.0,0.0,1.0,0.0,-6.492832085314149e-07,2.6067718295053055e-07,-3.407709243674617e-07,-7.115304612170803e-08,1.6102568167752906e-07,-2.673547669473919e-06,0.030087441205978394,3.135174036026001,0.008830594830214977
131,0.20082944631576538,0.3990493416786194,0.30100488662719727,0.003131102304905653,0.009594875387847424,0.9999451637268066,0.002816506428644061,0.20000000298023224,0.4000000059604645,0.30000001192092896,0.0,0.0,1.0,0.0,-6.492832085314149e-07,2.6067718295053055e-07,-3.407709243674617e-07,-7.115304612170803e-08,1.6102568167752906e-07,-2.673547669473919e-06,0.030087441205978394,3.135174036026001,0.008830594830214977
132,0.20082944631576538,0.3990493416786194,0.30100488662719727,0.003131102304905653,0.009594875387847424,0.9999451637268066,0.002816506428644061,0.20000000298023224,0.4000000059604645,0.30000001192092896,0.0,0.0,1.0,0.0,-6.492832085314149e-07,2.6067718295053055e-07,-3.407709243674617e-07,-7.115304612170803e-08,1.6102568167752906e-07,-2.673547669473919e-06,0.030087441205978394,3.135174036026001,0.008830594830214977
133,0.20082944631576538,0.3990493416786194,0.30100488662719727,0.003131102304905653,0.009594875387847424,0.9999451637268066,0.002816506428644061,0.20000000298023224,0.4000000059604645,0.30000001192092896,0.0,0.0,1.0,0.0,-6.492832085314149e-07,2.6067718295053055e-07,-3.407709243674617e-07,-7.115304612170803e-08,1.6102568167752906e-07,-2.673547669473919e-06,0.030087441205978394,3.135174036026001,0.008830594830214977
134,0.20082944631576538,0.3990493416786194,0.30100488662719727,0.003131102304905653,0.009594875387847424,0.9999451637268066,0.002816506428644061,0.20000000298023224,0.4000000059604645,0.30000001192092896,0.0,0.0,1.0,0.0,-6.492832085314149e-07,2.6067718295053055e-07,-3.407709243674617e-07,-7.115304612170803e-08,1.6102568167752906e-07,-2.673547669473919e-06,0.030087441205978394,3.135174036026001,0.008830594830214977
135,0.20082944631576538,0.3990493416786194,0.30100488662719727,0.003131102304905653,0.009594875387847424,0.9999451637268066,0.002816506428644061,0.20000000298023224,0.4000000059604645,0.30000001192092896,0.0,0.0,1.0,0.0,-6.492832085314149e-07,2.6067718295053055e-07,-3.407709243674617e-07,-7.115304612170803e-08,1.6102568167752906e-07,-2.673547669473919e-06,0.030087441205978394,3.135174036026001,0.008830594830214977
136,0.20082944631576538,0.3990493416786194,0.30100488662719727,0.003131102304905653,0.009594875387847424,0.9999451637268066,0.002816506428644061,0.20000000298023224,0.4000000059604645,0.30000001192092896,0.0,0.0,1.0,0.0,-6.492832085314149e-07,2.6067718295053055e-07,-3.407709243674617e-07,-7.115304612170803e-08,1.6102568167752906e-07,-2.673547669473919e-06,0.030087441205978394,3.135174036026001,0.008830594830214977
137,0.20082944631576538,0.3990493416786194,0.30100488662719727,0.003131102304905653,0.009594875387847424,0.9999451637268066,0.002816506428644061,0.20000000298023224,0.4000000059604645,0.30000001192092896,0.0,0.0,1.0,0.0,-6.492832085314149e-07,2.6067718295053055e-07,-3.407709243674617e-07,-7.115304612170803e-08,1.6102568167752906e-07,-2.673547669473919e-06,0.030087441205978394,3.135174036026001,0.008830594830214977
138,0.20082944631576538,0.3990493416786194,0.30100488662719727,0.003131102304905653,0.009594875387847424,0.9999451637268066,0.002816506428644061,0.20000000298023224,0.4000000059604645,0.30000001192092896,0.0,0.0,1.0,0.0,-6.492832085314149e-07,2.6067718295053055e-07,-3.407709243674617e-07,-7.115304612170803e-08,1.6102568167752906e-07,-2.673547669473919e-06,0.030087441205978394,3.135174036026001,0.008830594830214977
139,0.20082944631576538,0.3990493416786194,0.30100488662719727,0.003131102304905653,0.009594875387847424,0.9999451637268066,0.002816506428644061,0.20000000298023224,0.4000000059604645,0.30000001192092896,0.0,0.0,1.0,0.0,-6.492832085314149e-07,2.6067718295053055e-07,-3.407709243674617e-07,-7.115304612170803e-08,1.6102568167752906e-07,-2.673547669473919e-06,0.030087441205978394,3.135174036026001,0.008830594830214977
140,0.20082944631576538,0.3990493416786194,0.30100488662719727,0.003131102304905653,0.009594875387847424,0.9999451637268066,0.002816506428644061,0.20000000298023224,0.4000000059604645,0.30000001192092896,0.0,0.0,1.0,0.0,-6.492832085314149e-07,2.6067718295053055e-07,-3.407709243674617e-07,-7.115304612170803e-08,1.6102568167752906e-07,-2.673547669473919e-06,0.030087441205978394,3.135174036026001,0.008830594830214977
141,0.20082944631576538,0.3990493416786194,0.30100488662719727,0.003131102304905653,0.009594875387847424,0.9999451637268066,0.002816506428644061,0.20000000298023224,0.4000000059604645,0.30000001192092896,0.0,0.0,1.0,0.0,-6.492832085314149e-07,2.6067718295053055e-07,-3.407709243674617e-07,-7.115304612170803e-08,1.6102568167752906e-07,-2.673547669473919e-06,0.030087441205978394,3.135174036026001,0.008830594830214977
142,0.20082944631576538,0.3990493416786194,0.30100488662719727,0.003131102304905653,0.009594875387847424,0.9999451637268066,0.002816506428644061,0.20000000298023224,0.4000000059604645,0.30000001192092896,0.0,0.0,1.0,0.0,-6.492832085314149e-07,2.6067718295053055e-07,-3.407709243674617e-07,-7.115304612170803e-08,1.6102568167752906e-07,-2.673547669473919e-06,0.030087441205978394,3.135174036026001,0.008830594830214977
143,0.20082944631576538,0.3990493416786194,0.30100488662719727,0.003131102304905653,0.009594875387847424,0.9999451637268066,0.002816506428644061,0.20000000298023224,0.4000000059604645,0.30000001192092896,0.0,0.0,1.0,0.0,-6.492832085314149e-07,2.6067718295053055e-07,-3.407709243674617e-07,-7.115304612170803e-08,1.6102568167752906e-07,-2.673547669473919e-06,0.030087441205978394,3.135174036026001,0.008830594830214977
144,0.20082944631576538,0.3990493416786194,0.30100488662719727,0.003131102304905653,0.009594875387847424,0.9999451637268066,0.002816506428644061,0.20000000298023224,0.4000000059604645,0.30000001192092896,0.0,0.0,1.0,0.0,-6.492832085314149e-07,2.6067718295053055e-07,-3.407709243674617e-07,-7.115304612170803e-08,1.6102568167752906e-07,-2.673547669473919e-06,0.030087441205978394,3.135174036026001,0.008830594830214977
145,0.20082944631576538,0.3990493416786194,0.30100488662719727,0.003131102304905653,0.009594875387847424,0.9999451637268066,0.002816506428644061,0.20000000298023224,0.4000000059604645,0.30000001192092896,0.0,0.0,1.0,0.0,-6.492832085314149e-07,2.6067718295053055e-07,-3.407709243674617e-07,-7.115304612170803e-08,1.6102568167752906e-07,-2.673547669473919e-06,0.030087441205978394,3.135174036026001,0.008830594830214977
146,0.20082944631576538,0.3990493416786194,0.30100488662719727,0.003131102304905653,0.009594875387847424,0.9999451637268066,0.002816506428644061,0.20000000298023224,0.4000000059604645,0.30000001192092896,0.0,0.0,1.0,0.0,-6.492832085314149e-07,2.6067718295053055e-07,-3.407709243674617e-07,-7.115304612170803e-08,1.6102568167752906e-07,-2.673547669473919e-06,0.030087441205978394,3.135174036026001,0.008830594830214977
147,0.20082944631576538,0.3990493416786194,0.30100488662719727,0.003131102304905653,0.009594875387847424,0.9999451637268066,0.002816506428644061,0.20000000298023224,0.4000000059604645,0.30000001192092896,0.0,0.0,1.0,0.0,-6.492832085314149e-07,2.6067718295053055e-07,-3.407709243674617e-07,-7.115304612170803e-08,1.6102568167752906e-07,-2.673547669473919e-06,0.030087441205978394,3.135174036026001,0.008830594830214977
148,0.20082944631576538,0.3990493416786194,0.30100488662719727,0.003131102304905653,0.009594875387847424,0.9999451637268066,0.002816506428644061,0.20000000298023224,0.4000000059604645,0.30000001192092896,0.0,0.0,1.0,0.0,-6.492832085314149e-07,2.6067718295053055e-07,-3.407709243674617e-07,-7.115304612170803e-08,1.6102568167752906e-07,-2.673547669473919e-06,0.030087441205978394,3.135174036026001,0.008830594830214977
149,0.20082944631576538,0.3990493416786194,0.30100488662719727,0.003131102304905653,0.009594875387847424,0.9999451637268066,0.002816506428644061,0.20000000298023224,0.4000000059604645,0.30000001192092896,0.0,0.0,1.0,0.0,-6.492832085314149e-07,2.6067718295053055e-07,-3.407709243674617e-07,-7.115304612170803e-08,1.6102568167752906e-07,-2.673547669473919e-06,0.030087441205978394,3.135174036026001,0.008830594830214977
150,0.20082944631576538,0.3990493416786194,0.30100488662719727,0.003131102304905653,0.009594875387847424,0.9999451637268066,0.002816506428644061,0.20000000298023224,0.4000000059604645,0.30000001192092896,0.0,0.0,1.0,0.0,-6.492832085314149e-07,2.6067718295053055e-07,-3.407709243674617e-07,-7.115304612170803e-08,1.6102568167752906e-07,-2.673547669473919e-06,0.030087441205978394,3.135174036026001,0.008830594830214977
151,0.20082944631576538,0.3990493416786194,0.30100488662719727,0.003131102304905653,0.009594875387847424,0.9999451637268066,0.002816506428644061,0.20000000298023224,0.4000000059604645,0.30000001192092896,0.0,0.0,1.0,0.0,-6.492832085314149e-07,2.6067718295053055e-07,-3.407709243674617e-07,-7.115304612170803e-08,1.6102568167752906e-07,-2.673547669473919e-06,0.030087441205978394,3.135174036026001,0.008830594830214977
152,0.20082944631576538,0.3990493416786194,0.30100488662719727,0.003131102304905653,0.009594875387847424,0.9999451637268066,0.002816506428644061,0.20000000298023224,0.4000000059604645,0.30000001192092896,0.0,0.0,1.0,0.0,-6.492832085314149e-07,2.6067718295053055e-07,-3.407709243674617e-07,-7.115304612170803e-08,1.6102568167752906e-07,-2.673547669473919e-06,0.030087441205978394,3.135174036026001,0.008830594830214977
153,0.20082944631576538,0.3990493416786194,0.30100488662719727,0.003131102304905653,0.009594875387847424,0.9999451637268066,0.002816506428644061,0.20000000298023224,0.4000000059604645,0.30000001192092896,0.0,0.0,1.0,0.0,-6.492832085314149e-07,2.6067718295053055e-07,-3.407709243674617e-07,-7.115304612170803e-08,1.6102568167752906e-07,-2.673547669473919e-06,0.030087441205978394,3.135174036026001,0.008830594830214977
154,0.20082944631576538,0.3990493416786194,0.30100488662719727,0.003131102304905653,0.009594875387847424,0.9999451637268066,0.002816506428644061,0.20000000298023224,0.4000000059604645,0.30000001192092896,0.0,0.0,1.0,0.0,-6.492832085314149e-07,2.6067718295053055e-07,-3.407709243674617e-07,-7.115304612170803e-08,1.6102568167752906e-07,-2.673547669473919e-06,0.030087441205978394,3.135174036026001,0.008830594830214977
155,0.20082944631576538,0.3990493416786194,0.30100488662719727,0.003131102304905653,0.009594875387847424,0.9999451637268066,0.002816506428644061,0.20000000298023224,0.4000000059604645,0.30000001192092896,0.0,0.0,1.0,0.0,-6.492832085314149e-07,2.6067718295053055e-07,-3.407709243674617e-07,-7.115304612170803e-08,1.6102568167752906e-07,-2.673547669473919e-06,0.030087441205978394,3.135174036026001,0.008830594830214977
156,0.20082944631576538,0.3990493416786194,0.30100488662719727,0.003131102304905653,0.009594875387847424,0.9999451637268066,0.002816506428644061,0.20000000298023224,0.4000000059604645,0.30000001192092896,0.0,0.0,1.0,0.0,-6.492832085314149e-07,2.6067718295053055e-07,-3.407709243674617e-07,-7.115304612170803e-08,1.6102568167752906e-07,-2.673547669473919e-06,0.030087441205978394,3.135174036026001,0.008830594830214977
157,0.20082944631576538,0.3990493416786194,0.30100488662719727,0.003131102304905653,0.009594875387847424,0.9999451637268066,0.002816506428644061,0.20000000298023224,0.4000000059604645,0.30000001192092896,0.0,0.0,1.0,0.0,-6.492832085314149e-07,2.6067718295053055e-07,-3.407709243674617e-07,-7.115304612170803e-08,1.6102568167752906e-07,-2.673547669473919e-06,0.030087441205978394,3.135174036026001,0.008830594830214977
158,0.20082944631576538,0.3990493416786194,0.30100488662719727,0.003131102304905653,0.009594875387847424,0.9999451637268066,0.002816506428644061,0.20000000298023224,0.4000000059604645,0.30000001192092896,0.0,0.0,1.0,0.0,-6.492832085314149e-07,2.6067718295053055e-07,-3.407709243674617e-07,-7.115304612170803e-08,1.6102568167752906e-07,-2.673547669473919e-06,0.030087441205978394,3.135174036026001,0.008830594830214977
159,0.20082944631576538,0.3990493416786194,0.30100488662719727,0.003131102304905653,0.009594875387847424,0.9999451637268066,0.002816506428644061,0.20000000298023224,0.4000000059604645,0.30000001192092896,0.0,0.0,1.0,0.0,-6.492832085314149e-07,2.6067718295053055e-07,-3.407709243674617e-07,-7.115304612170803e-08,1.6102568167752906e-07,-2.673547669473919e-06,0.030087441205978394,3.135174036026001,0.008830594830214977
160,0.20082944631576538,0.3990493416786194,0.30100488662719727,0.003131102304905653,0.009594875387847424,0.9999451637268066,0.002816506428644061,0.20000000298023224,0.4000000059604645,0.30000001192092896,0.0,0.0,1.0,0.0,-6.492832085314149e-07,2.6067718295053055e-07,-3.407709243674617e-07,-7.115304612170803e-08,1.6102568167752906e-07,-2.673547669473919e-06,0.030087441205978394,3.135174036026001,0.008830594830214977
161,0.20082944631576538,0.3990493416786194,0.30100488662719727,0.003131102304905653,0.009594875387847424,0.9999451637268066,0.002816506428644061,0.20000000298023224,0.4000000059604645,0.30000001192092896,0.0,0.0,1.0,0.0,-6.492832085314149e-07,2.6067718295053055e-07,-3.407709243674617e-07,-7.115304612170803e-08,1.6102568167752906e-07,-2.673547669473919e-06,0.030087441205978394,3.135174036026001,0.008830594830214977
162,0.20082944631576538,0.3990493416786194,0.30100488662719727,0.003131102304905653,0.009594875387847424,0.9999451637268066,0.002816506428644061,0.20000000298023224,0.4000000059604645,0.30000001192092896,0.0,0.0,1.0,0.0,-6.492832085314149e-07,2.6067718295053055e-07,-3.407709243674617e-07,-7.115304612170803e-08,1.6102568167752906e-07,-2.673547669473919e-06,0.030087441205978394,3.135174036026001,0.008830594830214977
163,0.20082944631576538,0.3990493416786194,0.30100488662719727,0.003131102304905653,0.009594875387847424,0.9999451637268066,0.002816506428644061,0.20000000298023224,0.4000000059604645,0.30000001192092896,0.0,0.0,1.0,0.0,-6.492832085314149e-07,2.6067718295053055e-07,-3.407709243674617e-07,-7.115304612170803e-08,1.6102568167752906e-07,-2.673547669473919e-06,0.030087441205978394,3.135174036026001,0.008830594830214977
164,0.20082944631576538,0.3990493416786194,0.30100488662719727,0.003131102304905653,0.009594875387847424,0.9999451637268066,0.002816506428644061,0.20000000298023224,0.4000000059604645,0.30000001192092896,0.0,0.0,1.0,0.0,-6.492832085314149e-07,2.6067718295053055e-07,-3.407709243674617e-07,-7.115304612170803e-08,1.6102568167752906e-07,-2.673547669473919e-06,0.030087441205978394,3.135174036026001,0.008830594830214977
165,0.20082944631576538,0.3990493416786194,0.30100488662719727,0.003131102304905653,0.009594875387847424,0.9999451637268066,0.002816506428644061,0.20000000298023224,0.4000000059604645,0.30000001192092896,0.0,0.0,1.0,0.0,-6.492832085314149e-07,2.6067718295053055e-07,-3.407709243674617e-07,-7.115304612170803e-08,1.6102568167752906e-07,-2.673547669473919e-06,0.030087441205978394,3.135174036026001,0.008830594830214977
166,0.20082944631576538,0.3990493416786194,0.30100488662719727,0.003131102304905653,0.009594875387847424,0.9999451637268066,0.002816506428644061,0.20000000298023224,0.4000000059604645,0.30000001192092896,0.0,0.0,1.0,0.0,-6.492832085314149e-07,2.6067718295053055e-07,-3.407709243674617e-07,-7.115304612170803e-08,1.6102568167752906e-07,-2.673547669473919e-06,0.030087441205978394,3.135174036026001,0.008830594830214977
167,0.20082944631576538,0.3990493416786194,0.30100488662719727,0.003131102304905653,0.009594875387847424,0.9999451637268066,0.002816506428644061,0.20000000298023224,0.4000000059604645,0.30000001192092896,0.0,0.0,1.0,0.0,-6.492832085314149e-07,2.6067718295053055e-07,-3.407709243674617e-07,-7.115304612170803e-08,1.6102568167752906e-07,-2.673547669473919e-06,0.030087441205978394,3.135174036026001,0.008830594830214977
168,0.20082944631576538,0.3990493416786194,0.30100488662719727,0.003131102304905653,0.009594875387847424,0.9999451637268066,0.002816506428644061,0.20000000298023224,0.4000000059604645,0.30000001192092896,0.0,0.0,1.0,0.0,-6.492832085314149e-07,2.6067718295053055e-07,-3.407709243674617e-07,-7.115304612170803e-08,1.6102568167752906e-07,-2.673547669473919e-06,0.030087441205978394,3.135174036026001,0.008830594830214977
169,0.20082944631576538,0.3990493416786194,0.30100488662719727,0.003131102304905653,0.009594875387847424,0.9999451637268066,0.002816506428644061,0.20000000298023224,0.4000000059604645,0.30000001192092896,0.0,0.0,1.0,0.0,-6.492832085314149e-07,2.6067718295053055e-07,-3.407709243674617e-07,-7.115304612170803e-08,1.6102568167752906e-07,-2.673547669473919e-06,0.030087441205978394,3.135174036026001,0.008830594830214977
170,0.20082944631576538,0.3990493416786194,0.30100488662719727,0.003131102304905653,0.009594875387847424,0.9999451637268066,0.002816506428644061,0.20000000298023224,0.4000000059604645,0.30000001192092896,0.0,0.0,1.0,0.0,-6.492832085314149e-07,2.6067718295053055e-07,-3.407709243674617e-07,-7.115304612170803e-08,1.6102568167752906e-07,-2.673547669473919e-06,0.030087441205978394,3.135174036026001,0.008830594830214977
171,0.20082944631576538,0.3990493416786194,0.30100488662719727,0.003131102304905653,0.009594875387847424,0.9999451637268066,0.002816506428644061,0.20000000298023224,0.4000000059604645,0.30000001192092896,0.0,0.0,1.0,0.0,-6.492832085314149e-07,2.6067718295053055e-07,-3.407709243674617e-07,-7.115304612170803e-08,1.6102568167752906e-07,-2.673547669473919e-06,0.030087441205978394,3.135174036026001,0.008830594830214977
172,0.20082944631576538,0.3990493416786194,0.30100488662719727,0.003131102304905653,0.009594875387847424,0.9999451637268066,0.002816506428644061,0.20000000298023224,0.4000000059604645,0.30000001192092896,0.0,0.0,1.0,0.0,-6.492832085314149e-07,2.6067718295053055e-07,-3.407709243674617e-07,-7.115304612170803e-08,1.6102568167752906e-07,-2.673547669473919e-06,0.030087441205978394,3.135174036026001,0.008830594830214977
173,0.20082944631576538,0.3990493416786194,0.30100488662719727,0.003131102304905653,0.009594875387847424,0.9999451637268066,0.002816506428644061,0.20000000298023224,0.4000000059604645,0.30000001192092896,0.0,0.0,1.0,0.0,-6.492832085314149e-07,2.6067718295053055e-07,-3.407709243674617e-07,-7.115304612170803e-08,1.6102568167752906e-07,-2.673547669473919e-06,0.030087441205978394,3.135174036026001,0.008830594830214977
174,0.20082944631576538,0.3990493416786194,0.30100488662719727,0.003131102304905653,0.009594875387847424,0.9999451637268066,0.002816506428644061,0.20000000298023224,0.4000000059604645,0.30000001192092896,0.0,0.0,1.0,0.0,-6.492832085314149e-07,2.6067718295053055e-07,-3.407709243674617e-07,-7.115304612170803e-08,1.6102568167752906e-07,-2.673547669473919e-06,0.030087441205978394,3.135174036026001,0.008830594830214977
175,0.20082944631576538,0.3990493416786194,0.30100488662719727,0.003131102304905653,0.009594875387847424,0.9999451637268066,0.002816506428644061,0.20000000298023224,0.4000000059604645,0.30000001192092896,0.0,0.0,1.0,0.0,-6.492832085314149e-07,2.6067718295053055e-07,-3.407709243674617e-07,-7.115304612170803e-08,1.6102568167752906e-07,-2.673547669473919e-06,0.030087441205978394,3.135174036026001,0.008830594830214977
176,0.20082944631576538,0.3990493416786194,0.30100488662719727,0.003131102304905653,0.009594875387847424,0.9999451637268066,0.002816506428644061,0.20000000298023224,0.4000000059604645,0.30000001192092896,0.0,0.0,1.0,0.0,-6.492832085314149e-07,2.6067718295053055e-07,-3.407709243674617e-07,-7.115304612170803e-08,1.6102568167752906e-07,-2.673547669473919e-06,0.030087441205978394,3.135174036026001,0.008830594830214977
177,0.20082944631576538,0.3990493416786194,0.30100488662719727,0.003131102304905653,0.009594875387847424,0.9999451637268066,0.002816506428644061,0.20000000298023224,0.4000000059604645,0.30000001192092896,0.0,0.0,1.0,0.0,-6.492832085314149e-07,2.6067718295053055e-07,-3.407709243674617e-07,-7.115304612170803e-08,1.6102568167752906e-07,-2.673547669473919e-06,0.030087441205978394,3.135174036026001,0.008830594830214977
178,0.20082944631576538,0.3990493416786194,0.30100488662719727,0.003131102304905653,0.009594875387847424,0.9999451637268066,0.002816506428644061,0.20000000298023224,0.4000000059604645,0.30000001192092896,0.0,0.0,1.0,0.0,-6.492832085314149e-07,2.6067718295053055e-07,-3.407709243674617e-07,-7.115304612170803e-08,1.6102568167752906e-07,-2.673547669473919e-06,0.030087441205978394,3.135174036026001,0.008830594830214977
179,0.20082944631576538,0.3990493416786194,0.30100488662719727,0.003131102304905653,0.009594875387847424,0.9999451637268066,0.002816506428644061,0.20000000298023224,0.4000000059604645,0.30000001192092896,0.0,0.0,1.0,0.0,-6.492832085314149e-07,2.6067718295053055e-07,-3.407709243674617e-07,-7.115304612170803e-08,1.6102568167752906e-07,-2.673547669473919e-06,0.030087441205978394,3.135174036026001,0.008830594830214977
180,0.20082944631576538,0.3990493416786194,0.30100488662719727,0.003131102304905653,0.009594875387847424,0.9999451637268066,0.002816506428644061,0.20000000298023224,0.4000000059604645,0.30000001192092896,0.0,0.0,1.0,0.0,-6.492832085314149e-07,2.6067718295053055e-07,-3.407709243674617e-07,-7.115304612170803e-08,1.6102568167752906e-07,-2.673547669473919e-06,0.030087441205978394,3.135174036026001,0.008830594830214977
181,0.20082944631576538,0.3990493416786194,0.30100488662719727,0.003131102304905653,0.009594875387847424,0.9999451637268066,0.002816506428644061,0.20000000298023224,0.4000000059604645,0.30000001192092896,0.0,0.0,1.0,0.0,-6.492832085314149e-07,2.6067718295053055e-07,-3.407709243674617e-07,-7.115304612170803e-08,1.6102568167752906e-07,-2.673547669473919e-06,0.030087441205978394,3.135174036026001,0.008830594830214977
182,0.20082944631576538,0.3990493416786194,0.30100488662719727,0.003131102304905653,0.009594875387847424,0.9999451637268066,0.002816506428644061,0.20000000298023224,0.4000000059604645,0.30000001192092896,0.0,0.0,1.0,0.0,-6.492832085314149e-07,2.6067718295053055e-07,-3.407709243674617e-07,-7.115304612170803e-08,1.6102568167752906e-07,-2.673547669473919e-06,0.030087441205978394,3.135174036026001,0.008830594830214977
183,0.20082944631576538,0.3990493416786194,0.30100488662719727,0.003131102304905653,0.009594875387847424,0.9999451637268066,0.002816506428644061,0.20000000298023224,0.4000000059604645,0.30000001192092896,0.0,0.0,1.0,0.0,-6.492832085314149e-07,2.6067718295053055e-07,-3.407709243674617e-07,-7.115304612170803e-08,1.6102568167752906e-07,-2.673547669473919e-06,0.030087441205978394,3.135174036026001,0.008830594830214977
184,0.20082944631576538,0.3990493416786194,0.30100488662719727,0.003131102304905653,0.009594875387847424,0.9999451637268066,0.002816506428644061,0.20000000298023224,0.4000000059604645,0.30000001192092896,0.0,0.0,1.0,0.0,-6.492832085314149e-07,2.6067718295053055e-07,-3.407709243674617e-07,-7.115304612170803e-08,1.6102568167752906e-07,-2.673547669473919e-06,0.030087441205978394,3.135174036026001,0.008830594830214977
185,0.20082944631576538,0.3990493416786194,0.30100488662719727,0.003131102304905653,0.009594875387847424,0.9999451637268066,0.002816506428644061,0.20000000298023224,0.4000000059604645,0.30000001192092896,0.0,0.0,1.0,0.0,-6.492832085314149e-07,2.6067718295053055e-07,-3.407709243674617e-07,-7.115304612170803e-08,1.6102568167752906e-07,-2.673547669473919e-06,0.030087441205978394,3.135174036026001,0.008830594830214977
186,0.20082944631576538,0.3990493416786194,0.30100488662719727,0.003131102304905653,0.009594875387847424,0.9999451637268066,0.002816506428644061,0.20000000298023224,0.4000000059604645,0.30000001192092896,0.0,0.0,1.0,0.0,-6.492832085314149e-07,2.6067718295053055e-07,-3.407709243674617e-07,-7.115304612170803e-08,1.6102568167752906e-07,-2.673547669473919e-06,0.030087441205978394,3.135174036026001,0.008830594830214977
187,0.20082944631576538,0.3990493416786194,0.30100488662719727,0.003131102304905653,0.009594875387847424,0.9999451637268066,0.002816506428644061,0.20000000298023224,0.4000000059604645,0.30000001192092896,0.0,0.0,1.0,0.0,-6.492832085314149e-07,2.6067718295053055e-07,-3.407709243674617e-07,-7.115304612170803e-08,1.6102568167752906e-07,-2.673547669473919e-06,0.030087441205978394,3.135174036026001,0.008830594830214977
188,0.20082944631576538,0.3990493416786194,0.30100488662719727,0.003131102304905653,0.009594875387847424,0.9999451637268066,0.002816506428644061,0.20000000298023224,0.4000000059604645,0.30000001192092896,0.0,0.0,1.0,0.0,-6.492832085314149e-07,2.6067718295053055e-07,-3.407709243674617e-07,-7.115304612170803e-08,1.6102568167752906e-07,-2.673547669473919e-06,0.030087441205978394,3.135174036026001,0.008830594830214977
189,0.20082944631576538,0.3990493416786194,0.30100488662719727,0.003131102304905653,0.009594875387847424,0.9999451637268066,0.002816506428644061,0.20000000298023224,0.4000000059604645,0.30000001192092896,0.0,0.0,1.0,0.0,-6.492832085314149e-07,2.6067718295053055e-07,-3.407709243674617e-07,-7.115304612170803e-08,1.6102568167752906e-07,-2.673547669473919e-06,0.030087441205978394,3.135174036026001,0.008830594830214977
190,0.20082944631576538,0.3990493416786194,0.30100488662719727,0.003131102304905653,0.009594875387847424,0.9999451637268066,0.002816506428644061,0.20000000298023224,0.4000000059604645,0.30000001192092896,0.0,0.0,1.0,0.0,-6.492832085314149e-07,2.6067718295053055e-07,-3.407709243674617e-07,-7.115304612170803e-08,1.6102568167752906e-07,-2.673547669473919e-06,0.030087441205978394,3.135174036026001,0.008830594830214977
191,0.20082944631576538,0.3990493416786194,0.30100488662719727,0.003131102304905653,0.009594875387847424,0.9999451637268066,0.002816506428644061,0.20000000298023224,0.4000000059604645,0.30000001192092896,0.0,0.0,1.0,0.0,-6.492832085314149e-07,2.6067718295053055e-07,-3.407709243674617e-07,-7.115304612170803e-08,1.6102568167752906e-07,-2.673547669473919e-06,0.030087441205978394,3.135174036026001,0.008830594830214977
192,0.20082944631576538,0.3990493416786194,0.30100488662719727,0.003131102304905653,0.009594875387847424,0.9999451637268066,0.002816506428644061,0.20000000298023224,0.4000000059604645,0.30000001192092896,0.0,0.0,1.0,0.0,-6.492832085314149e-07,2.6067718295053055e-07,-3.407709243674617e-07,-7.115304612170803e-08,1.6102568167752906e-07,-2.673547669473919e-06,0.030087441205978394,3.135174036026001,0.008830594830214977
193,0.20082944631576538,0.3990493416786194,0.30100488662719727,0.003131102304905653,0.009594875387847424,0.9999451637268066,0.002816506428644061,0.20000000298023224,0.4000000059604645,0.30000001192092896,0.0,0.0,1.0,0.0,-6.492832085314149e-07,2.6067718295053055e-07,-3.407709243674617e-07,-7.115304612170803e-08,1.6102568167752906e-07,-2.673547669473919e-06,0.030087441205978394,3.135174036026001,0.008830594830214977
194,0.20082944631576538,0.3990493416786194,0.30100488662719727,0.003131102304905653,0.009594875387847424,0.9999451637268066,0.002816506428644061,0.20000000298023224,0.4000000059604645,0.30000001192092896,0.0,0.0,1.0,0.0,-6.492832085314149e-07,2.6067718295053055e-07,-3.407709243674617e-07,-7.115304612170803e-08,1.6102568167752906e-07,-2.673547669473919e-06,0.030087441205978394,3.135174036026001,0.008830594830214977
195,0.20082944631576538,0.3990493416786194,0.30100488662719727,0.003131102304905653,0.009594875387847424,0.9999451637268066,0.002816506428644061,0.20000000298023224,0.4000000059604645,0.30000001192092896,0.0,0.0,1.0,0.0,-6.492832085314149e-07,2.6067718295053055e-07,-3.407709243674617e-07,-7.115304612170803e-08,1.6102568167752906e-07,-2.673547669473919e-06,0.030087441205978394,3.135174036026001,0.008830594830214977
196,0.20082944631576538,0.3990493416786194,0.30100488662719727,0.003131102304905653,0.009594875387847424,0.9999451637268066,0.002816506428644061,0.20000000298023224,0.4000000059604645,0.30000001192092896,0.0,0.0,1.0,0.0,-6.492832085314149e-07,2.6067718295053055e-07,-3.407709243674617e-07,-7.115304612170803e-08,1.6102568167752906e-07,-2.673547669473919e-06,0.030087441205978394,3.135174036026001,0.008830594830214977
197,0.20082944631576538,0.3990493416786194,0.30100488662719727,0.003131102304905653,0.009594875387847424,0.9999451637268066,0.002816506428644061,0.20000000298023224,0.4000000059604645,0.30000001192092896,0.0,0.0,1.0,0.0,-6.492832085314149e-07,2.6067718295053055e-07,-3.407709243674617e-07,-7.115304612170803e-08,1.6102568167752906e-07,-2.673547669473919e-06,0.030087441205978394,3.135174036026001,0.008830594830214977
198,0.20082944631576538,0.3990493416786194,0.30100488662719727,0.003131102304905653,0.009594875387847424,0.9999451637268066,0.002816506428644061,0.20000000298023224,0.4000000059604645,0.30000001192092896,0.0,0.0,1.0,0.0,-6.492832085314149e-07,2.6067718295053055e-07,-3.407709243674617e-07,-7.115304612170803e-08,1.6102568167752906e-07,-2.673547669473919e-06,0.030087441205978394,3.135174036026001,0.008830594830214977
199,0.20082944631576538,0.3990493416786194,0.30100488662719727,0.003131102304905653,0.009594875387847424,0.9999451637268066,0.002816506428644061,0.20000000298023224,0.4000000059604645,0.30000001192092896,0.0,0.0,1.0,0.0,-6.492832085314149e-07,2.6067718295053055e-07,-3.407709243674617e-07,-7.115304612170803e-08,1.6102568167752906e-07,-2.673547669473919e-06,0.030087441205978394,3.135174036026001,0.008830594830214977
200,0.20082944631576538,0.3990493416786194,0.30100488662719727,0.003131102304905653,0.009594875387847424,0.9999451637268066,0.002816506428644061,0.20000000298023224,0.4000000059604645,0.30000001192092896,0.0,0.0,1.0,0.0,-6.492832085314149e-07,2.6067718295053055e-07,-3.407709243674617e-07,-7.115304612170803e-08,1.6102568167752906e-07,-2.673547669473919e-06,0.030087441205978394,3.135174036026001,0.008830594830214977
201,0.20082944631576538,0.3990493416786194,0.30100488662719727,0.003131102304905653,0.009594875387847424,0.9999451637268066,0.002816506428644061,0.20000000298023224,0.4000000059604645,0.30000001192092896,0.0,0.0,1.0,0.0,-6.492832085314149e-07,2.6067718295053055e-07,-3.407709243674617e-07,-7.115304612170803e-08,1.6102568167752906e-07,-2.673547669473919e-06,0.030087441205978394,3.135174036026001,0.008830594830214977
202,0.20082944631576538,0.3990493416786194,0.30100488662719727,0.003131102304905653,0.009594875387847424,0.9999451637268066,0.002816506428644061,0.20000000298023224,0.4000000059604645,0.30000001192092896,0.0,0.0,1.0,0.0,-6.492832085314149e-07,2.6067718295053055e-07,-3.407709243674617e-07,-7.115304612170803e-08,1.6102568167752906e-07,-2.673547669473919e-06,0.030087441205978394,3.135174036026001,0.008830594830214977
203,0.20082944631576538,0.3990493416786194,0.30100488662719727,0.003131102304905653,0.009594875387847424,0.9999451637268066,0.002816506428644061,0.20000000298023224,0.4000000059604645,0.30000001192092896,0.0,0.0,1.0,0.0,-6.492832085314149e-07,2.6067718295053055e-07,-3.407709243674617e-07,-7.115304612170803e-08,1.6102568167752906e-07,-2.673547669473919e-06,0.030087441205978394,3.135174036026001,0.008830594830214977
204,0.20082944631576538,0.3990493416786194,0.30100488662719727,0.003131102304905653,0.009594875387847424,0.9999451637268066,0.002816506428644061,0.20000000298023224,0.4000000059604645,0.30000001192092896,0.0,0.0,1.0,0.0,-6.492832085314149e-07,2.6067718295053055e-07,-3.407709243674617e-07,-7.115304612170803e-08,1.6102568167752906e-07,-2.673547669473919e-06,0.030087441205978394,3.135174036026001,0.008830594830214977
205,0.20082944631576538,0.3990493416786194,0.30100488662719727,0.003131102304905653,0.009594875387847424,0.9999451637268066,0.002816506428644061,0.20000000298023224,0.4000000059604645,0.30000001192092896,0.0,0.0,1.0,0.0,-6.492832085314149e-07,2.6067718295053055e-07,-3.407709243674617e-07,-7.115304612170803e-08,1.6102568167752906e-07,-2.673547669473919e-06,0.030087441205978394,3.135174036026001,0.008830594830214977
206,0.20082944631576538,0.3990493416786194,0.30100488662719727,0.003131102304905653,0.009594875387847424,0.9999451637268066,0.002816506428644061,0.20000000298023224,0.4000000059604645,0.30000001192092896,0.0,0.0,1.0,0.0,-6.492832085314149e-07,2.6067718295053055e-07,-3.407709243674617e-07,-7.115304612170803e-08,1.6102568167752906e-07,-2.673547669473919e-06,0.030087441205978394,3.135174036026001,0.008830594830214977
207,0.20082944631576538,0.3990493416786194,0.30100488662719727,0.003131102304905653,0.009594875387847424,0.9999451637268066,0.002816506428644061,0.20000000298023224,0.4000000059604645,0.30000001192092896,0.0,0.0,1.0,0.0,-6.492832085314149e-07,2.6067718295053055e-07,-3.407709243674617e-07,-7.115304612170803e-08,1.6102568167752906e-07,-2.673547669473919e-06,0.030087441205978394,3.135174036026001,0.008830594830214977
208,0.20082944631576538,0.3990493416786194,0.30100488662719727,0.003131102304905653,0.009594875387847424,0.9999451637268066,0.002816506428644061,0.20000000298023224,0.4000000059604645,0.30000001192092896,0.0,0.0,1.0,0.0,-6.492832085314149e-07,2.6067718295053055e-07,-3.407709243674617e-07,-7.115304612170803e-08,1.6102568167752906e-07,-2.673547669473919e-06,0.030087441205978394,3.135174036026001,0.008830594830214977
209,0.20082944631576538,0.3990493416786194,0.30100488662719727,0.003131102304905653,0.009594875387847424,0.9999451637268066,0.002816506428644061,0.20000000298023224,0.4000000059604645,0.30000001192092896,0.0,0.0,1.0,0.0,-6.492832085314149e-07,2.6067718295053055e-07,-3.407709243674617e-07,-7.115304612170803e-08,1.6102568167752906e-07,-2.673547669473919e-06,0.030087441205978394,3.135174036026001,0.008830594830214977
210,0.20082944631576538,0.3990493416786194,0.30100488662719727,0.003131102304905653,0.009594875387847424,0.9999451637268066,0.002816506428644061,0.20000000298023224,0.4000000059604645,0.30000001192092896,0.0,0.0,1.0,0.0,-6.492832085314149e-07,2.6067718295053055e-07,-3.407709243674617e-07,-7.115304612170803e-08,1.6102568167752906e-07,-2.673547669473919e-06,0.030087441205978394,3.135174036026001,0.008830594830214977
211,0.20082944631576538,0.3990493416786194,0.30100488662719727,0.003131102304905653,0.009594875387847424,0.9999451637268066,0.002816506428644061,0.20000000298023224,0.4000000059604645,0.30000001192092896,0.0,0.0,1.0,0.0,-6.492832085314149e-07,2.6067718295053055e-07,-3.407709243674617e-07,-7.115304612170803e-08,1.6102568167752906e-07,-2.673547669473919e-06,0.030087441205978394,3.135174036026001,0.008830594830214977
212,0.20082944631576538,0.3990493416786194,0.30100488662719727,0.003131102304905653,0.009594875387847424,0.9999451637268066,0.002816506428644061,0.20000000298023224,0.4000000059604645,0.30000001192092896,0.0,0.0,1.0,0.0,-6.492832085314149e-07,2.6067718295053055e-07,-3.407709243674617e-07,-7.115304612170803e-08,1.6102568167752906e-07,-2.673547669473919e-06,0.030087441205978394,3.135174036026001,0.008830594830214977
213,0.20082944631576538,0.3990493416786194,0.30100488662719727,0.003131102304905653,0.009594875387847424,0.9999451637268066,0.002816506428644061,0.20000000298023224,0.4000000059604645,0.30000001192092896,0.0,0.0,1.0,0.0,-6.492832085314149e-07,2.6067718295053055e-07,-3.407709243674617e-07,-7.115304612170803e-08,1.6102568167752906e-07,-2.673547669473919e-06,0.030087441205978394,3.135174036026001,0.008830594830214977
214,0.20082944631576538,0.3990493416786194,0.30100488662719727,0.003131102304905653,0.009594875387847424,0.9999451637268066,0.002816506428644061,0.20000000298023224,0.4000000059604645,0.30000001192092896,0.0,0.0,1.0,0.0,-6.492832085314149e-07,2.6067718295053055e-07,-3.407709243674617e-07,-7.115304612170803e-08,1.6102568167752906e-07,-2.673547669473919e-06,0.030087441205978394,3.135174036026001,0.008830594830214977
215,0.20082944631576538,0.3990493416786194,0.30100488662719727,0.003131102304905653,0.009594875387847424,0.9999451637268066,0.002816506428644061,0.20000000298023224,0.4000000059604645,0.30000001192092896,0.0,0.0,1.0,0.0,-6.492832085314149e-07,2.6067718295053055e-07,-3.407709243674617e-07,-7.115304612170803e-08,1.6102568167752906e-07,-2.673547669473919e-06,0.030087441205978394,3.135174036026001,0.008830594830214977
216,0.20082944631576538,0.3990493416786194,0.30100488662719727,0.003131102304905653,0.009594875387847424,0.9999451637268066,0.002816506428644061,0.20000000298023224,0.4000000059604645,0.30000001192092896,0.0,0.0,1.0,0.0,-6.492832085314149e-07,2.6067718295053055e-07,-3.407709243674617e-07,-7.115304612170803e-08,1.6102568167752906e-07,-2.673547669473919e-06,0.030087441205978394,3.135174036026001,0.008830594830214977
217,0.20082944631576538,0.3990493416786194,0.30100488662719727,0.003131102304905653,0.009594875387847424,0.9999451637268066,0.002816506428644061,0.20000000298023224,0.4000000059604645,0.30000001192092896,0.0,0.0,1.0,0.0,-6.492832085314149e-07,2.6067718295053055e-07,-3.407709243674617e-07,-7.115304612170803e-08,1.6102568167752906e-07,-2.673547669473919e-06,0.030087441205978394,3.135174036026001,0.008830594830214977
218,0.20082944631576538,0.3990493416786194,0.30100488662719727,0.003131102304905653,0.009594875387847424,0.9999451637268066,0.002816506428644061,0.20000000298023224,0.4000000059604645,0.30000001192092896,0.0,0.0,1.0,0.0,-6.492832085314149e-07,2.6067718295053055e-07,-3.407709243674617e-07,-7.115304612170803e-08,1.6102568167752906e-07,-2.673547669473919e-06,0.030087441205978394,3.135174036026001,0.008830594830214977
219,0.20082944631576538,0.3990493416786194,0.30100488662719727,0.003131102304905653,0.009594875387847424,0.9999451637268066,0.002816506428644061,0.20000000298023224,0.4000000059604645,0.30000001192092896,0.0,0.0,1.0,0.0,-6.492832085314149e-07,2.6067718295053055e-07,-3.407709243674617e-07,-7.115304612170803e-08,1.6102568167752906e-07,-2.673547669473919e-06,0.030087441205978394,3.135174036026001,0.008830594830214977
220,0.20082944631576538,0.3990493416786194,0.30100488662719727,0.003131102304905653,0.009594875387847424,0.9999451637268066,0.002816506428644061,0.20000000298023224,0.4000000059604645,0.30000001192092896,0.0,0.0,1.0,0.0,-6.492832085314149e-07,2.6067718295053055e-07,-3.407709243674617e-07,-7.115304612170803e-08,1.6102568167752906e-07,-2.673547669473919e-06,0.030087441205978394,3.135174036026001,0.008830594830214977
221,0.20082944631576538,0.3990493416786194,0.30100488662719727,0.003131102304905653,0.009594875387847424,0.9999451637268066,0.002816506428644061,0.20000000298023224,0.4000000059604645,0.30000001192092896,0.0,0.0,1.0,0.0,-6.492832085314149e-07,2.6067718295053055e-07,-3.407709243674617e-07,-7.115304612170803e-08,1.6102568167752906e-07,-2.673547669473919e-06,0.030087441205978394,3.135174036026001,0.008830594830214977
222,0.20082944631576538,0.3990493416786194,0.30100488662719727,0.003131102304905653,0.009594875387847424,0.9999451637268066,0.002816506428644061,0.20000000298023224,0.4000000059604645,0.30000001192092896,0.0,0.0,1.0,0.0,-6.492832085314149e-07,2.6067718295053055e-07,-3.407709243674617e-07,-7.115304612170803e-08,1.6102568167752906e-07,-2.673547669473919e-06,0.030087441205978394,3.135174036026001,0.008830594830214977
223,0.20082944631576538,0.3990493416786194,0.30100488662719727,0.003131102304905653,0.009594875387847424,0.9999451637268066,0.002816506428644061,0.20000000298023224,0.4000000059604645,0.30000001192092896,0.0,0.0,1.0,0.0,-6.492832085314149e-07,2.6067718295053055e-07,-3.407709243674617e-07,-7.115304612170803e-08,1.6102568167752906e-07,-2.673547669473919e-06,0.030087441205978394,3.135174036026001,0.008830594830214977
224,0.20082944631576538,0.3990493416786194,0.30100488662719727,0.003131102304905653,0.009594875387847424,0.9999451637268066,0.002816506428644061,0.20000000298023224,0.4000000059604645,0.30000001192092896,0.0,0.0,1.0,0.0,-6.492832085314149e-07,2.6067718295053055e-07,-3.407709243674617e-07,-7.115304612170803e-08,1.6102568167752906e-07,-2.673547669473919e-06,0.030087441205978394,3.135174036026001,0.008830594830214977
225,0.20082944631576538,0.3990493416786194,0.30100488662719727,0.003131102304905653,0.009594875387847424,0.9999451637268066,0.002816506428644061,0.20000000298023224,0.4000000059604645,0.30000001192092896,0.0,0.0,1.0,0.0,-6.492832085314149e-07,2.6067718295053055e-07,-3.407709243674617e-07,-7.115304612170803e-08,1.6102568167752906e-07,-2.673547669473919e-06,0.030087441205978394,3.135174036026001,0.008830594830214977
226,0.20082944631576538,0.3990493416786194,0.30100488662719727,0.003131102304905653,0.009594875387847424,0.9999451637268066,0.002816506428644061,0.20000000298023224,0.4000000059604645,0.30000001192092896,0.0,0.0,1.0,0.0,-6.492832085314149e-07,2.6067718295053055e-07,-3.407709243674617e-07,-7.115304612170803e-08,1.6102568167752906e-07,-2.673547669473919e-06,0.030087441205978394,3.135174036026001,0.008830594830214977
227,0.20082944631576538,0.3990493416786194,0.30100488662719727,0.003131102304905653,0.009594875387847424,0.9999451637268066,0.002816506428644061,0.20000000298023224,0.4000000059604645,0.30000001192092896,0.0,0.0,1.0,0.0,-6.492832085314149e-07,2.6067718295053055e-07,-3.407709243674617e-07,-7.115304612170803e-08,1.6102568167752906e-07,-2.673547669473919e-06,0.030087441205978394,3.135174036026001,0.008830594830214977
228,0.20082944631576538,0.3990493416786194,0.30100488662719727,0.003131102304905653,0.009594875387847424,0.9999451637268066,0.002816506428644061,0.20000000298023224,0.4000000059604645,0.30000001192092896,0.0,0.0,1.0,0.0,-6.492832085314149e-07,2.6067718295053055e-07,-3.407709243674617e-07,-7.115304612170803e-08,1.6102568167752906e-07,-2.673547669473919e-06,0.030087441205978394,3.135174036026001,0.008830594830214977
229,0.20082944631576538,0.3990493416786194,0.30100488662719727,0.003131102304905653,0.009594875387847424,0.9999451637268066,0.002816506428644061,0.20000000298023224,0.4000000059604645,0.30000001192092896,0.0,0.0,1.0,0.0,-6.492832085314149e-07,2.6067718295053055e-07,-3.407709243674617e-07,-7.115304612170803e-08,1.6102568167752906e-07,-2.673547669473919e-06,0.030087441205978394,3.135174036026001,0.008830594830214977
230,0.20082944631576538,0.3990493416786194,0.30100488662719727,0.003131102304905653,0.009594875387847424,0.9999451637268066,0.002816506428644061,0.20000000298023224,0.4000000059604645,0.30000001192092896,0.0,0.0,1.0,0.0,-6.492832085314149e-07,2.6067718295053055e-07,-3.407709243674617e-07,-7.115304612170803e-08,1.6102568167752906e-07,-2.673547669473919e-06,0.030087441205978394,3.135174036026001,0.008830594830214977
231,0.20082944631576538,0.3990493416786194,0.30100488662719727,0.003131102304905653,0.009594875387847424,0.9999451637268066,0.002816506428644061,0.20000000298023224,0.4000000059604645,0.30000001192092896,0.0,0.0,1.0,0.0,-6.492832085314149e-07,2.6067718295053055e-07,-3.407709243674617e-07,-7.115304612170803e-08,1.6102568167752906e-07,-2.673547669473919e-06,0.030087441205978394,3.135174036026001,0.008830594830214977
232,0.20082944631576538,0.3990493416786194,0.30100488662719727,0.003131102304905653,0.009594875387847424,0.9999451637268066,0.002816506428644061,0.20000000298023224,0.4000000059604645,0.30000001192092896,0.0,0.0,1.0,0.0,-6.492832085314149e-07,2.6067718295053055e-07,-3.407709243674617e-07,-7.115304612170803e-08,1.6102568167752906e-07,-2.673547669473919e-06,0.030087441205978394,3.135174036026001,0.008830594830214977
233,0.20082944631576538,0.3990493416786194,0.30100488662719727,0.003131102304905653,0.009594875387847424,0.9999451637268066,0.002816506428644061,0.20000000298023224,0.4000000059604645,0.30000001192092896,0.0,0.0,1.0,0.0,-6.492832085314149e-07,2.6067718295053055e-07,-3.407709243674617e-07,-7.115304612170803e-08,1.6102568167752906e-07,-2.673547669473919e-06,0.030087441205978394,3.135174036026001,0.008830594830214977
234,0.20082944631576538,0.3990493416786194,0.30100488662719727,0.003131102304905653,0.009594875387847424,0.9999451637268066,0.002816506428644061,0.20000000298023224,0.4000000059604645,0.30000001192092896,0.0,0.0,1.0,0.0,-6.492832085314149e-07,2.6067718295053055e-07,-3.407709243674617e-07,-7.115304612170803e-08,1.6102568167752906e-07,-2.673547669473919e-06,0.030087441205978394,3.135174036026001,0.008830594830214977
235,0.20082944631576538,0.3990493416786194,0.30100488662719727,0.003131102304905653,0.009594875387847424,0.9999451637268066,0.002816506428644061,0.20000000298023224,0.4000000059604645,0.30000001192092896,0.0,0.0,1.0,0.0,-6.492832085314149e-07,2.6067718295053055e-07,-3.407709243674617e-07,-7.115304612170803e-08,1.6102568167752906e-07,-2.673547669473919e-06,0.030087441205978394,3.135174036026001,0.008830594830214977
236,0.20082944631576538,0.3990493416786194,0.30100488662719727,0.003131102304905653,0.009594875387847424,0.9999451637268066,0.002816506428644061,0.20000000298023224,0.4000000059604645,0.30000001192092896,0.0,0.0,1.0,0.0,-6.492832085314149e-07,2.6067718295053055e-07,-3.407709243674617e-07,-7.115304612170803e-08,1.6102568167752906e-07,-2.673547669473919e-06,0.030087441205978394,3.135174036026001,0.008830594830214977
237,0.20082944631576538,0.3990493416786194,0.30100488662719727,0.003131102304905653,0.009594875387847424,0.9999451637268066,0.002816506428644061,0.20000000298023224,0.4000000059604645,0.30000001192092896,0.0,0.0,1.0,0.0,-6.492832085314149e-07,2.6067718295053055e-07,-3.407709243674617e-07,-7.115304612170803e-08,1.6102568167752906e-07,-2.673547669473919e-06,0.030087441205978394,3.135174036026001,0.008830594830214977
238,0.20082944631576538,0.3990493416786194,0.30100488662719727,0.003131102304905653,0.009594875387847424,0.9999451637268066,0.002816506428644061,0.20000000298023224,0.4000000059604645,0.30000001192092896,0.0,0.0,1.0,0.0,-6.492832085314149e-07,2.6067718295053055e-07,-3.407709243674617e-07,-7.115304612170803e-08,1.6102568167752906e-07,-2.673547669473919e-06,0.030087441205978394,3.135174036026001,0.008830594830214977
239,0.20082944631576538,0.3990493416786194,0.30100488662719727,0.003131102304905653,0.009594875387847424,0.9999451637268066,0.002816506428644061,0.20000000298023224,0.4000000059604645,0.30000001192092896,0.0,0.0,1.0,0.0,-6.492832085314149e-07,2.6067718295053055e-07,-3.407709243674617e-07,-7.115304612170803e-08,1.6102568167752906e-07,-2.673547669473919e-06,0.030087441205978394,3.135174036026001,0.008830594830214977
240,0.20082944631576538,0.3990493416786194,0.30100488662719727,0.003131102304905653,0.009594875387847424,0.9999451637268066,0.002816506428644061,0.20000000298023224,0.4000000059604645,0.30000001192092896,0.0,0.0,1.0,0.0,-6.492832085314149e-07,2.6067718295053055e-07,-3.407709243674617e-07,-7.115304612170803e-08,1.6102568167752906e-07,-2.673547669473919e-06,0.030087441205978394,3.135174036026001,0.008830594830214977
241,0.20082944631576538,0.3990493416786194,0.30100488662719727,0.003131102304905653,0.009594875387847424,0.9999451637268066,0.002816506428644061,0.20000000298023224,0.4000000059604645,0.30000001192092896,0.0,0.0,1.0,0.0,-6.492832085314149e-07,2.6067718295053055e-07,-3.407709243674617e-07,-7.115304612170803e-08,1.6102568167752906e-07,-2.673547669473919e-06,0.030087441205978394,3.135174036026001,0.008830594830214977
242,0.20082944631576538,0.3990493416786194,0.30100488662719727,0.003131102304905653,0.009594875387847424,0.9999451637268066,0.002816506428644061,0.20000000298023224,0.4000000059604645,0.30000001192092896,0.0,0.0,1.0,0.0,-6.492832085314149e-07,2.6067718295053055e-07,-3.407709243674617e-07,-7.115304612170803e-08,1.6102568167752906e-07,-2.673547669473919e-06,0.030087441205978394,3.135174036026001,0.008830594830214977
243,0.20082944631576538,0.3990493416786194,0.30100488662719727,0.003131102304905653,0.009594875387847424,0.9999451637268066,0.002816506428644061,0.20000000298023224,0.4000000059604645,0.30000001192092896,0.0,0.0,1.0,0.0,-6.492832085314149e-07,2.6067718295053055e-07,-3.407709243674617e-07,-7.115304612170803e-08,1.6102568167752906e-07,-2.673547669473919e-06,0.030087441205978394,3.135174036026001,0.008830594830214977
244,0.20082944631576538,0.3990493416786194,0.30100488662719727,0.003131102304905653,0.009594875387847424,0.9999451637268066,0.002816506428644061,0.20000000298023224,0.4000000059604645,0.30000001192092896,0.0,0.0,1.0,0.0,-6.492832085314149e-07,2.6067718295053055e-07,-3.407709243674617e-07,-7.115304612170803e-08,1.6102568167752906e-07,-2.673547669473919e-06,0.030087441205978394,3.135174036026001,0.008830594830214977
245,0.20082944631576538,0.3990493416786194,0.30100488662719727,0.003131102304905653,0.009594875387847424,0.9999451637268066,0.002816506428644061,0.20000000298023224,0.4000000059604645,0.30000001192092896,0.0,0.0,1.0,0.0,-6.492832085314149e-07,2.6067718295053055e-07,-3.407709243674617e-07,-7.115304612170803e-08,1.6102568167752906e-07,-2.673547669473919e-06,0.030087441205978394,3.135174036026001,0.008830594830214977
246,0.20082944631576538,0.3990493416786194,0.30100488662719727,0.003131102304905653,0.009594875387847424,0.9999451637268066,0.002816506428644061,0.20000000298023224,0.4000000059604645,0.30000001192092896,0.0,0.0,1.0,0.0,-6.492832085314149e-07,2.6067718295053055e-07,-3.407709243674617e-07,-7.115304612170803e-08,1.6102568167752906e-07,-2.673547669473919e-06,0.030087441205978394,3.135174036026001,0.008830594830214977
247,0.20082944631576538,0.3990493416786194,0.30100488662719727,0.003131102304905653,0.009594875387847424,0.9999451637268066,0.002816506428644061,0.20000000298023224,0.4000000059604645,0.30000001192092896,0.0,0.0,1.0,0.0,-6.492832085314149e-07,2.6067718295053055e-07,-3.407709243674617e-07,-7.115304612170803e-08,1.6102568167752906e-07,-2.673547669473919e-06,0.030087441205978394,3.135174036026001,0.008830594830214977
248,0.20082944631576538,0.3990493416786194,0.30100488662719727,0.003131102304905653,0.009594875387847424,0.9999451637268066,0.002816506428644061,0.20000000298023224,0.4000000059604645,0.30000001192092896,0.0,0.0,1.0,0.0,-6.492832085314149e-07,2.6067718295053055e-07,-3.407709243674617e-07,-7.115304612170803e-08,1.6102568167752906e-07,-2.673547669473919e-06,0.030087441205978394,3.135174036026001,0.008830594830214977
249,0.20082944631576538,0.3990493416786194,0.30100488662719727,0.003131102304905653,0.009594875387847424,0.9999451637268066,0.002816506428644061,0.20000000298023224,0.4000000059604645,0.30000001192092896,0.0,0.0,1.0,0.0,-6.492832085314149e-07,2.6067718295053055e-07,-3.407709243674617e-07,-7.115304612170803e-08,1.6102568167752906e-07,-2.673547669473919e-06,0.030087441205978394,3.135174036026001,0.008830594830214977
250,0.20082944631576538,0.3990493416786194,0.30100488662719727,0.003131102304905653,0.009594875387847424,0.9999451637268066,0.002816506428644061,0.20000000298023224,0.4000000059604645,0.30000001192092896,0.0,0.0,1.0,0.0,-6.492832085314149e-07,2.6067718295053055e-07,-3.407709243674617e-07,-7.115304612170803e-08,1.6102568167752906e-07,-2.673547669473919e-06,0.030087441205978394,3.135174036026001,0.008830594830214977
251,0.20082944631576538,0.3990493416786194,0.30100488662719727,0.003131102304905653,0.009594875387847424,0.9999451637268066,0.002816506428644061,0.20000000298023224,0.4000000059604645,0.30000001192092896,0.0,0.0,1.0,0.0,-6.492832085314149e-07,2.6067718295053055e-07,-3.407709243674617e-07,-7.115304612170803e-08,1.6102568167752906e-07,-2.673547669473919e-06,0.030087441205978394,3.135174036026001,0.008830594830214977
252,0.20082944631576538,0.3990493416786194,0.30100488662719727,0.003131102304905653,0.009594875387847424,0.9999451637268066,0.002816506428644061,0.15000000596046448,0.30000001192092896,0.15000000596046448,0.0,0.0,1.0,0.0,-6.492832085314149e-07,2.6067718295053055e-07,-3.407709243674617e-07,-7.115304612170803e-08,1.6102568167752906e-07,-2.673547669473919e-06,0.030087441205978394,3.135174036026001,0.008830594830214977
253,0.1892571896314621,0.3798618018627167,0.2715679407119751,-0.003319928888231516,0.01281677931547165,0.9999119639396667,0.0009266042616218328,0.15000000596046448,0.30000001192092896,0.15000000596046448,0.0,0.0,1.0,0.0,-0.011572197079658508,-0.0191874448210001,-0.029436785727739334,-0.00363545841537416,0.01295581366866827,-0.006419563200324774,-0.040180087089538574,-3.1346938610076904,-0.002904897788539529
254,0.1800910383462906,0.3640064299106598,0.24738746881484985,-0.008001198060810566,0.014880825765430927,0.9998562932014465,0.0013767341151833534,0.15000000596046448,0.30000001192092896,0.15000000596046448,0.0,0.0,1.0,0.0,-0.009166168980300426,-0.01585540920495987,-0.024180535227060318,0.0010065935784950852,0.009354637935757637,-0.004123503342270851,-0.04651287570595741,-3.1252410411834717,-0.004303260240703821
255,0.17304234206676483,0.35122135281562805,0.2279881238937378,-0.01077567134052515,0.01627882570028305,0.9998037219047546,0.003386356635019183,0.15000000596046448,0.30000001192092896,0.15000000596046448,0.0,0.0,1.0,0.0,-0.0070486837066709995,-0.012785039842128754,-0.019399289041757584,0.0040789940394461155,0.00549273518845439,-0.002821681322529912,-0.050793539732694626,-3.1196095943450928,-0.010566146112978458
256,0.16763867437839508,0.34093940258026123,0.21245762705802917,-0.011665512807667255,0.01722630485892296,0.9997639656066895,0.006258152890950441,0.15000000596046448,0.30000001192092896,0.15000000596046448,0.0,0.0,1.0,0.0,-0.00540369376540184,-0.010281996801495552,-0.01553057786077261,0.005751341115683317,0.0016927988035604358,-0.0019517530454322696,-0.05371978133916855,-3.117737293243408,-0.01951596327126026
257,0.1635056883096695,0.33268067240715027,0.20003366470336914,-0.010863643139600754,0.017883451655507088,0.9997372031211853,0.009367711842060089,0.15000000596046448,0.30000001192092896,0.15000000596046448,0.0,0.0,1.0,0.0,-0.004133016336709261,-0.008258791640400887,-0.012424036860466003,0.006175102200359106,-0.0017017156351357698,-0.0013974952744320035,-0.05579724535346031,-3.1192290782928467,-0.02922782301902771
258,0.16035249829292297,0.32605138421058655,0.19009704887866974,-0.008692827075719833,0.01836003176867962,0.9997192025184631,0.012202688492834568,0.15000000596046448,0.30000001192092896,0.15000000596046448,0.0,0.0,1.0,0.0,-0.003153171157464385,-0.006629258394241333,-0.00993657112121582,0.00558076286688447,-0.004432704299688339,-0.0010558280628174543,-0.05736271291971207,-3.1234476566314697,-0.038125090301036835
259,0.15795378386974335,0.3207321763038635,0.18215011060237885,-0.005557345692068338,0.018723798915743828,0.9997057914733887,0.014384891837835312,0.15000000596046448,0.30000001192092896,0.15000000596046448,0.0,0.0,1.0,0.0,-0.0023986606393009424,-0.005319087766110897,-0.007946743629872799,0.004241913091391325,-0.00633945083245635,-0.0008422809769399464,-0.05861533805727959,-3.1296048164367676,-0.045032016932964325
260,0.15613508224487305,0.31646570563316345,0.17579549551010132,-0.0018971710233017802,0.019009800627827644,0.9996945858001709,0.01567862555384636,0.15000000596046448,0.30000001192092896,0.15000000596046448,0.0,0.0,1.0,0.0,-0.0018187258392572403,-0.004266542848199606,-0.00635470449924469,0.002446831902489066,-0.0073586697690188885,-0.0006919401930645108,-0.0596490316092968,-3.136845827102661,-0.04919653758406639
261,0.1547609269618988,0.31304436922073364,0.17071545124053955,0.0018599777249619365,0.019229665398597717,0.999685525894165,0.01598777249455452,0.15000000596046448,0.30000001192092896,0.15000000596046448,0.0,0.0,1.0,0.0,-0.0013741508591920137,-0.003421346191316843,-0.005080028437077999,0.00047470108256675303,-0.007517199497669935,-0.0005589294596575201,0.06034034118056297,3.1368913650512695,0.05016767606139183
262,0.15372641384601593,0.3103015720844269,0.16665709018707275,0.005334546789526939,0.019380424171686172,0.9996802806854248,0.015340620651841164,0.15000000596046448,0.30000001192092896,0.15000000596046448,0.0,0.0,1.0,0.0,-0.001034539774991572,-0.0027428653556853533,-0.004058449994772673,-0.00142684078309685,-0.00691740307956934,-0.0004151361936237663,0.06067948415875435,3.1299667358398438,0.048030927777290344
263,0.15295010805130005,0.30810317397117615,0.1634179949760437,0.008224112913012505,0.01945212110877037,0.9996808171272278,0.013867617584764957,0.15000000596046448,0.30000001192092896,0.15000000596046448,0.0,0.0,1.0,0.0,-0.0007763299508951604,-0.002198452828451991,-0.0032391955610364676,-0.003056443063542247,-0.005718311760574579,-0.0002476963272783905,0.060792721807956696,3.1242520809173584,0.04333958774805069
264,0.15236899256706238,0.3063414394855499,0.16083602607250214,0.010322344489395618,0.019433917477726936,0.9996885657310486,0.011773212812840939,0.15000000596046448,0.30000001192092896,0.15000000596046448,0.0,0.0,1.0,0.0,-0.0005811149021610618,-0.0017617580015212297,-0.0025820021983236074,-0.004269680008292198,-0.004114517010748386,-5.5957119911909103e-05,0.06065545976161957,3.1201417446136475,0.03674546256661415
265,0.15193447470664978,0.3049297332763672,0.15878082811832428,0.01152640487998724,0.019318407401442528,0.9997036457061768,0.009304668754339218,0.15000000596046448,0.30000001192092896,0.15000000596046448,0.0,0.0,1.0,0.0,-0.0004344716144260019,-0.0014115148223936558,-0.0020549525506794453,-0.004984396044164896,-0.0023137882817536592,0.0001521331287221983,0.06024937331676483,3.1178224086761475,0.02901998907327652
266,0.1516093909740448,0.30379927158355713,0.15714828670024872,0.011832633055746555,0.019104383885860443,0.9997248649597168,0.006722553167492151,0.15000000596046448,0.30000001192092896,0.15000000596046448,0.0,0.0,1.0,0.0,-0.0003250810841564089,-0.001130492310039699,-0.0016325730830430984,-0.005179963540285826,-0.0005159042193554342,0.0003635329194366932,0.05957021191716194,3.1172871589660645,0.020961744710803032
267,0.15136530995368958,0.30289432406425476,0.15585368871688843,0.011325551196932793,0.01879754476249218,0.9997500777244568,0.004270530305802822,0.15000000596046448,0.30000001192092896,0.15000000596046448,0.0,0.0,1.0,0.0,-0.00024408023455180228,-0.000904933491256088,-0.0012946132337674499,-0.004890998359769583,0.0011041441466659307,0.0005632755346596241,0.05863216519355774,3.118361473083496,0.013320273719727993
268,0.15118078887462616,0.3021704852581024,0.15482881665229797,0.01015748642385006,0.01841021329164505,0.9997766613960266,0.0021532766986638308,0.15000000596046448,0.30000001192092896,0.15000000596046448,0.0,0.0,1.0,0.0,-0.0001844810030888766,-0.0007236723904497921,-0.0010246250312775373,-0.004197367932647467,0.002411469118669629,0.0007371974061243236,0.05746680125594139,3.1207404136657715,0.006723173428326845
269,0.1510399729013443,0.3015925884246826,0.15401943027973175,0.008527131751179695,0.017960766330361366,0.9998021721839905,0.0005224577616900206,0.15000000596046448,0.30000001192092896,0.15000000596046448,0.0,0.0,1.0,0.0,-0.00014082301640883088,-0.0005778848426416516,-0.0008094015647657216,-0.003210158785805106,0.003318682312965393,0.0008735355804674327,0.05612112209200859,3.1240336894989014,0.00163243745919317
270,0.15093106031417847,0.30113181471824646,0.1533808410167694,0.006651308853179216,0.01747087575495243,0.9998251795768738,-0.0005365268443711102,0.15000000596046448,0.30000001192092896,0.15000000596046448,0.0,0.0,1.0,0.0,-0.00010888740507652983,-0.0004606778675224632,-0.0006384539301507175,-0.002058083890005946,0.003787778317928314,0.0009640601347200572,0.05465555936098099,3.1278111934661865,-0.001677695196121931
271,0.1508456915616989,0.3007652759552002,0.15287771821022034,0.004744587931782007,0.016964513808488846,0.9998443722724915,-0.0010014900472015142,0.15000000596046448,0.30000001192092896,0.15000000596046448,0.0,0.0,1.0,0.0,-8.537207031622529e-05,-0.00036652712151408195,-0.0005031260661780834,-0.0008698675665073097,0.003829436143860221,0.0010049936827272177,0.05313519388437271,3.1316511631011963,-0.0031368141062557697
272,0.1507778912782669,0.3004741370677948,0.15248118340969086,0.002995919669046998,0.01646500825881958,0.9998595714569092,-0.0009105456410907209,0.15000000596046448,0.30000001192092896,0.15000000596046448,0.0,0.0,1.0,0.0,-6.78036012686789e-05,-0.0002911369374487549,-0.00039655668660998344,0.00023648180649615824,0.003494421485811472,0.0009967637015506625,0.05162787064909935,3.13517427444458,-0.0028551085852086544
273,0.15072357654571533,0.300243079662323,0.15216806530952454,0.0015545639907941222,0.01599341444671154,0.9998708963394165,-0.0003495215205475688,0.15000000596046448,0.30000001192092896,0.15000000596046448,0.0,0.0,1.0,0.0,-5.430091550806537e-05,-0.00023101503029465675,-0.00031306996243074536,0.001166341477073729,0.002864239504560828,0.0009440106223337352,0.0501953586935997,3.1380815505981445,-0.001097282045520842
274,0.1506800502538681,0.30005979537963867,0.15192009508609772,0.0005207816720940173,0.015567207708954811,0.9998785853385925,0.0005617152783088386,0.15000000596046448,0.30000001192092896,0.15000000596046448,0.0,0.0,1.0,0.0,-4.352029645815492e-05,-0.00018329350859858096,-0.00024797944934107363,0.0018541518365964293,0.002038529608398676,0.0008547243778593838,0.04888951778411865,3.1401703357696533,0.0017643539467826486
275,0.15064549446105957,0.29991406202316284,0.1517224758863449,-5.896488801226951e-05,0.01519825216382742,0.9998831152915955,0.0016868807142600417,0.15000000596046448,0.30000001192092896,0.15000000596046448,0.0,0.0,1.0,0.0,-3.45408589055296e-05,-0.00014564013690687716,-0.00019749579951167107,0.0022662864066660404,0.0011234477860853076,0.0007393297855742276,-0.04774564504623413,-3.141108274459839,-0.005297055467963219
276,0.15061870217323303,0.29979807138442993,0.15156415104866028,-0.00018699566135182977,0.014893828891217709,0.9998849630355835,0.0028850873932242393,0.15000000596046448,0.30000001192092896,0.15000000596046448,0.0,0.0,1.0,0.0,-2.678741111594718e-05,-0.00011601755250012502,-0.00015836833335924894,0.002400691155344248,0.00021883855515625328,0.0006093097035773098,-0.046784475445747375,-3.140857219696045,-0.00906368251889944
277,0.15059876441955566,0.29970526695251465,0.15143609046936035,8.900562534108758e-05,0.014654573053121567,0.9998844861984253,0.004030226729810238,0.15000000596046448,0.30000001192092896,0.15000000596046448,0.0,0.0,1.0,0.0,-1.994144440686796e-05,-9.28054578253068e-05,-0.0001280549040529877,0.0022819458972662687,-0.0005876055802218616,0.000476434564916417,0.046036072075366974,3.141051769256592,0.012660711072385311
278,0.1505848914384842,0.29963070154190063,0.15133175253868103,0.0006895819678902626,0.01447672862559557,0.9998824000358582,0.005017039366066456,0.15000000596046448,0.30000001192092896,0.15000000596046448,0.0,0.0,1.0,0.0,-1.3879652215109672e-05,-7.46066725696437e-05,-0.00010436429147375748,0.0019563150126487017,-0.0012317210203036666,0.0003509935922920704,0.04545991122722626,3.1398446559906006,0.01575542241334915
279,0.15057630836963654,0.29957038164138794,0.15124613046646118,0.0015143905766308308,0.01435231976211071,0.9998792409896851,0.005770720075815916,0.15000000596046448,0.30000001192092896,0.15000000596046448,0.0,0.0,1.0,0.0,-8.583220733271446e-06,-6.031310113030486e-05,-8.561937283957377e-05,0.0014832307351753116,-0.0016722887521609664,0.00024147304065991193,0.04504570737481117,3.138188362121582,0.01811189576983452
280,0.15057219564914703,0.2995213568210602,0.1511756181716919,0.0024547113571316004,0.014270685613155365,0.9998756051063538,0.00624853977933526,0.15000000596046448,0.30000001192092896,0.15000000596046448,0.0,0.0,1.0,0.0,-4.108587745577097e-06,-4.902919681626372e-05,-7.049767737044021e-05,0.0009281106176786125,-0.0018938183784484863,0.0001537186180939898,0.04476281255483627,3.136303186416626,0.019599389284849167
281,0.15057168900966644,0.29948127269744873,0.15111757814884186,0.003403732553124428,0.014219757169485092,0.9998723864555359,0.0064399391412734985,0.15000000596046448,0.30000001192092896,0.15000000596046448,0.0,0.0,1.0,0.0,-5.11447467488324e-07,-4.007341340184212e-05,-5.803285239380784e-05,0.00035547613515518606,-0.0019035994773730636,9.084017801797017e-05,0.04457613453269005,3.1344032287597656,0.020187968388199806
282,0.15057386457920074,0.2994483411312103,0.1510699838399887,0.0042696623131632805,0.014187165535986423,0.9998700022697449,0.006364065688103437,0.15000000596046448,0.30000001192092896,0.15000000596046448,0.0,0.0,1.0,0.0,2.173928123738733e-06,-3.2911357266129926e-05,-4.754690598929301e-05,-0.00017636716074775904,-0.001728626317344606,5.337121183401905e-05,0.044449690729379654,3.132676124572754,0.019939396530389786
283,0.15057781338691711,0.2994212210178375,0.15103141963481903,0.004978950135409832,0.014161722734570503,0.9998689889907837,0.006063288077712059,0.15000000596046448,0.30000001192092896,0.15000000596046448,0.0,0.0,1.0,0.0,3.9557344280183315e-06,-2.7118157959193923e-05,-3.8558526284759864e-05,-0.0006218463531695306,-0.001409942633472383,3.925981218344532e-05,0.04434988647699356,3.131263256072998,0.018988173454999924
284,0.1505827009677887,0.29939883947372437,0.15100061893463135,0.005484390538185835,0.014133928343653679,0.9998694658279419,0.0055958861485123634,0.15000000596046448,0.30000001192092896,0.15000000596046448,0.0,0.0,1.0,0.0,4.893762707069982e-06,-2.2376236302079633e-05,-3.079055022681132e-05,-0.0009486406925134361,-0.0009975283173844218,4.474939851206727e-05,0.044248778373003006,3.130262851715088,0.017519870772957802
285,0.150587797164917,0.29938042163848877,0.15097656846046448,0.005763455294072628,0.014096912927925587,0.9998713731765747,0.005029709544032812,0.15000000596046448,0.30000001192092896,0.15000000596046448,0.0,0.0,1.0,0.0,5.088781563244993e-06,-1.8431526768836193e-05,-2.406193016213365e-05,-0.0011409372091293335,-0.0005431770696304739,6.477656279457733e-05,0.04412493109703064,3.1297147274017334,0.015742944553494453
286,0.15059247612953186,0.2993653118610382,0.15095829963684082,0.005820197984576225,0.014046409167349339,0.9998745918273926,0.004432274028658867,0.15000000596046448,0.30000001192092896,0.15000000596046448,0.0,0.0,1.0,0.0,4.683842689701123e-06,-1.5114154848561157e-05,-1.8275064576300792e-05,-0.0011974349617958069,-9.702733223093674e-05,9.368332393933088e-05,0.04396524280309677,3.129612684249878,0.013872251845896244
287,0.15059630572795868,0.29935306310653687,0.15094493329524994,0.005678222049027681,0.01398084033280611,0.9998787045478821,0.0038651353679597378,0.15000000596046448,0.30000001192092896,0.15000000596046448,0.0,0.0,1.0,0.0,3.835780262306798e-06,-1.2261140909686219e-05,-1.3362150639295578e-05,-0.0011309601832181215,0.00029936517239548266,0.0001259011187357828,0.043764032423496246,3.1299068927764893,0.012098957784473896
288,0.15059903264045715,0.2993432581424713,0.15093563497066498,0.005377461668103933,0.013901125639677048,0.999883234500885,0.003379638772457838,0.15000000596046448,0.30000001192092896,0.15000000596046448,0.0,0.0,1.0,0.0,2.7217320166528225e-06,-9.797607162909117e-06,-9.30381975194905e-06,-0.0009637657785788178,0.0006143429200164974,0.0001564142294228077,0.04352268576622009,3.1305174827575684,0.010580694302916527
289,0.15060052275657654,0.2993355989456177,0.15092958509922028,0.004968459717929363,0.013810068368911743,0.9998877644538879,0.0030120140872895718,0.15000000596046448,0.30000001192092896,0.15000000596046448,0.0,0.0,1.0,0.0,1.49052357301116e-06,-7.658917638764251e-06,-6.0546212807821576e-06,-0.0007252302020788193,0.000827871379442513,0.000181147173861973,0.0432487316429615,3.131343364715576,0.009432032704353333
290,0.15060082077980042,0.2993297576904297,0.15092600882053375,0.004504859913140535,0.01371171697974205,0.999891996383667,0.0027819916140288115,0.15000000596046448,0.30000001192092896,0.15000000596046448,0.0,0.0,1.0,0.0,3.004795985361852e-07,-5.828868779644836e-06,-3.5750679217017023e-06,-0.0004480291099753231,0.0009328179876320064,0.00019724042795132846,0.04295363649725914,3.1322760581970215,0.008715162053704262
291,0.15060007572174072,0.29932546615600586,0.1509242057800293,0.004038756247609854,0.013611051253974438,0.9998955726623535,0.002694100607186556,0.15000000596046448,0.30000001192092896,0.15000000596046448,0.0,0.0,1.0,0.0,-7.437192834913731e-07,-4.285108389012748e-06,-1.8048100400847034e-06,-0.0001638811081647873,0.0009334967471659184,0.00020316662266850471,0.04265083745121956,3.1332130432128906,0.008442123420536518
292,0.15059852600097656,0.2993224263191223,0.15092353522777557,0.0036161623429507017,0.013513097539544106,0.9998984336853027,0.002738125156611204,0.15000000596046448,0.30000001192092896,0.15000000596046448,0.0,0.0,1.0,0.0,-1.5500584140681894e-06,-3.02856801681628e-06,-6.715767426612729e-07,9.87596795312129e-05,0.0008433700422756374,0.00019864858768414706,0.042355120182037354,3.1340625286102295,0.008582362905144691
293,0.15059645473957062,0.29932036995887756,0.1509234607219696,0.003272245405241847,0.013422350399196148,0.9999004006385803,0.002892297925427556,0.15000000596046448,0.30000001192092896,0.15000000596046448,0.0,0.0,1.0,0.0,-2.074206804536516e-06,-2.055708364423481e-06,-7.478520558379387e-08,0.00031700060935691,0.0006833457737229764,0.00018456103862263262,0.04207989200949669,3.1347529888153076,0.00906763132661581
294,0.15059415996074677,0.2993190288543701,0.15092355012893677,0.0030295364558696747,0.013342447578907013,0.999901533126831,0.0031272878404706717,0.15000000596046448,0.30000001192092896,0.15000000596046448,0.0,0.0,1.0,0.0,-2.2969791189098032e-06,-1.339148752776964e-06,8.614733815193176e-08,0.0004756484122481197,0.00047822529450058937,0.00016267868340946734,0.04183601215481758,3.1352388858795166,0.009805343113839626
295,0.1505919098854065,0.2993181645870209,0.1509234756231308,0.002898645354434848,0.013276097364723682,0.9999018907546997,0.0034091975539922714,0.15000000596046448,0.30000001192092896,0.15000000596046448,0.0,0.0,1.0,0.0,-2.2433348476624815e-06,-8.548610139769153e-07,-6.807967878330601e-08,0.0005674377316609025,0.0002536722458899021,0.00013535143807530403,0.041631098836660385,3.135500907897949,0.010691510513424873
296,0.1505899727344513,0.2993175983428955,0.15092305839061737,0.002877306891605258,0.013224379159510136,0.9999015927314758,0.0037051397375762463,0.15000000596046448,0.30000001192092896,0.15000000596046448,0.0,0.0,1.0,0.0,-1.9434489786362974e-06,-5.668960625371255e-07,-4.130415618419647e-07,0.000592171389143914,3.4463500924175605e-05,0.00010529282008064911,0.04146965965628624,3.135542154312134,0.011618887074291706
297,0.1505884975194931,0.2993171513080597,0.15092219412326813,0.0029530045576393604,0.01318738330155611,0.999900758266449,0.003984260838478804,0.15000000596046448,0.30000001192092896,0.15000000596046448,0.0,0.0,1.0,0.0,-1.474062514716934e-06,-4.3315813513800094e-07,-8.585863042753772e-07,0.0005563937011174858,-0.00015929555229377002,7.505836401833221e-05,0.04135160520672798,3.1353888511657715,0.012494103983044624
298,0.15058760344982147,0.29931673407554626,0.15092089772224426,0.0031055917497724295,0.013163940981030464,0.9998996257781982,0.0042219460010528564,0.15000000596046448,0.30000001192092896,0.15000000596046448,0.0,0.0,1.0,0.0,-8.944072646954737e-07,-4.085712248524942e-07,-1.289229885514942e-06,0.000471707055112347,-0.0003119952161796391,4.708143023890443e-05,0.04127410054206848,3.1350815296173096,0.013238323852419853
299,0.1505873203277588,0.29931628704071045,0.15091925859451294,0.003310034517198801,0.013151999562978745,0.999898374080658,0.004400908946990967,0.15000000596046448,0.30000001192092896,0.15000000596046448,0.0,0.0,1.0,0.0,-2.7954811798736046e-07,-4.594214431108412e-07,-1.6416423704868066e-06,0.00035279730218462646,-0.00041435426101088524,2.324851266166661e-05,0.04123134911060333,3.1346704959869385,0.013797369785606861
300,0.15058761835098267,0.2993157207965851,0.15091738104820251,0.00354058388620615,0.013148937374353409,0.9998971223831177,0.004511918872594833,0.15000000596046448,0.30000001192092896,0.15000000596046448,0.0,0.0,1.0,0.0,3.023422436854162e-07,-5.551614208343381e-07,-1.8808059394359589e-06,0.0002157237468054518,-0.0004632889467757195,4.80087464893586e-06,0.04121575877070427,3.134209156036377,0.014142424799501896
301,0.15058842301368713,0.29931506514549255,0.15091541409492493,0.0037708948366343975,0.013151845894753933,0.9998960494995117,0.004552819300442934,0.15000000596046448,0.30000001192092896,0.15000000596046448,0.0,0.0,1.0,0.0,8.009723728719109e-07,-6.41215592622757e-07,-1.9649976366054034e-06,7.563718099845573e-05,-0.00046104108332656324,-7.622223620273871e-06,0.0412188395857811,3.1337480545043945,0.014268657192587852
302,0.15058960020542145,0.29931434988975525,0.1509135216474533,0.003977959975600243,0.013157781213521957,0.9998952746391296,0.004529005382210016,0.15000000596046448,0.30000001192092896,0.15000000596046448,0.0,0.0,1.0,0.0,1.170521159110649e-06,-7.203780114650726e-07,-1.8957071006298065e-06,-5.31084842805285e-05,-0.0004144757112953812,-1.3980548828840256e-05,0.04123204946517944,3.1333324909210205,0.014192245900630951
303,0.15059098601341248,0.29931357502937317,0.1509118378162384,0.00414568604901433,0.013164089992642403,0.9998948574066162,0.00445170234888792,0.15000000596046448,0.30000001192092896,0.15000000596046448,0.0,0.0,1.0,0.0,1.390313286719902e-06,-7.661990935048379e-07,-1.6885809372979566e-06,-0.00015915223048068583,-0.0003342277486808598,-1.478223111917032e-05,0.041247427463531494,3.13299822807312,0.013948340900242329
304,0.15059244632720947,0.2993128001689911,0.15091046690940857,0.004263344220817089,0.013168614357709885,0.9998948574066162,0.004335453733801842,0.15000000596046448,0.30000001192092896,0.15000000596046448,0.0,0.0,1.0,0.0,1.4637015510743367e-06,-7.7309090329436e-07,-1.3696961786990869e-06,-0.00023576989769935608,-0.0002324699453311041,-1.1068862477259245e-05,0.04125851392745972,3.1327645778656006,0.013583019375801086
305,0.1505938470363617,0.2993120551109314,0.15090948343276978,0.004326286260038614,0.013169786892831326,0.9998951554298401,0.00419599236920476,0.15000000596046448,0.30000001192092896,0.15000000596046448,0.0,0.0,1.0,0.0,1.3999990642332705e-06,-7.360242193499289e-07,-9.845010708886548e-07,-0.0002795625478029251,-0.00012176996096968651,-4.06680646847235e-06,0.041260551661252975,3.132641315460205,0.01314744632691145
306,0.1505950689315796,0.29931139945983887,0.15090890228748322,0.004334750585258007,0.01316666230559349,0.9998957514762878,0.004049959126859903,0.15000000596046448,0.30000001192092896,0.15000000596046448,0.0,0.0,1.0,0.0,1.222116452481714e-06,-6.609596425732889e-07,-5.739740913668356e-07,-0.0002905849542003125,-1.3526436305255629e-05,4.873890702583594e-06,0.041250620037317276,3.1326258182525635,0.012691008858382702
307,0.150596022605896,0.2993108332157135,0.1509087234735489,0.0042955307289958,0.013159000314772129,0.9998965263366699,0.003913130611181259,0.15000000596046448,0.30000001192092896,0.15000000596046448,0.0,0.0,1.0,0.0,9.58365831138508e-07,-5.557201916417398e-07,-1.7164275334380363e-07,-0.0002715941518545151,8.177617564797401e-05,1.4407653907255735e-05,0.041227661073207855,3.1327059268951416,0.012261644937098026
308,0.150596022605896,0.2993108332157135,0.1509087234735489,0.004218641202896833,0.013147151097655296,0.9998975396156311,0.00379751343280077,0.15000000596046448,0.30000001192092896,0.15000000596046448,0.0,0.0,1.0,0.0,6.515882091662206e-07,-4.212372175516066e-07,1.9045546650886536e-07,-0.00022873356647323817,0.00015627154789399356,2.3263413822860457e-05,0.04119252786040306,3.132861614227295,0.011899192817509174
309,0.150596022605896,0.2993108332157135,0.1509087234735489,0.004116837400943041,0.013131937943398952,0.9998984336853027,0.00371159496717155,0.15000000596046448,0.30000001192092896,0.15000000596046448,0.0,0.0,1.0,0.0,4.712841530363221e-07,-3.5883860505236953e-07,5.048700018051022e-07,-0.0001692350924713537,0.00020544687868095934,3.049047700187657e-05,0.04114742949604988,3.1330671310424805,0.011629928834736347
310,0.150596022605896,0.2993108332157135,0.1509087234735489,0.0040034702979028225,0.013114482164382935,0.9998993277549744,0.0036596667487174273,0.15000000596046448,0.30000001192092896,0.15000000596046448,0.0,0.0,1.0,0.0,2.425513230264187e-07,-2.765096667189937e-07,7.894821578702249e-07,-0.00010123662650585175,0.00022799531870987266,3.541978003340773e-05,0.041095566004514694,3.1332955360412598,0.011467630043625832
311,0.1505960077047348,0.2993106544017792,0.15090975165367126,0.003891176078468561,0.013095998205244541,0.9999000430107117,0.0036420433316379786,0.15000000596046448,0.30000001192092896,0.15000000596046448,0.0,0.0,1.0,0.0,-7.788185207857623e-09,-1.7704442711874435e-07,1.0226852964478894e-06,-3.2531472243135795e-05,0.00022538313351105899,3.7757774407509714e-05,0.04104054346680641,3.13352108001709,0.011413426138460636
312,0.1505957543849945,0.2993105947971344,0.15091073513031006,0.003790444927290082,0.013077737763524055,0.9999006390571594,0.0036557891871780157,0.15000000596046448,0.30000001192092896,0.15000000596046448,0.0,0.0,1.0,0.0,-2.536573617817339e-07,-5.1315875992941073e-08,9.906478908305871e-07,3.0039997000130825e-05,0.00020145410962868482,3.7446337955771014e-05,0.04098597168922424,3.133723258972168,0.011457453481853008
313,0.1505957543849945,0.2993105947971344,0.15091073513031006,0.0037096217274665833,0.013060848228633404,0.9999010562896729,0.0036953911185264587,0.15000000596046448,0.30000001192092896,0.15000000596046448,0.0,0.0,1.0,0.0,-4.1365856873198936e-07,4.5914202218000355e-08,8.89319949237688e-07,8.14314917079173e-05,0.00016126046830322593,3.4787972253980115e-05,0.04093509167432785,3.133885145187378,0.011582457460463047
314,0.15059517323970795,0.29931071400642395,0.15091164410114288,0.0036532359663397074,0.013046113774180412,0.9999012351036072,0.003753942670300603,0.15000000596046448,0.30000001192092896,0.15000000596046448,0.0,0.0,1.0,0.0,-5.822279831591004e-07,1.2489036294027756e-07,9.057112038135529e-07,0.00011815726611530408,0.00011089975305367261,3.0249078918132e-05,0.040890637785196304,3.1339972019195557,0.011765549890697002
315,0.15059517323970795,0.29931071400642395,0.15091164410114288,0.0036236722953617573,0.013034187257289886,0.9999012351036072,0.0038238128181546926,0.15000000596046448,0.30000001192092896,0.15000000596046448,0.0,0.0,1.0,0.0,-5.632289798995771e-07,1.5003607245489547e-07,6.777234489163675e-07,0.0001387827069265768,5.621845048153773e-05,2.43094746110728e-05,0.040854312479496,3.1340553760528564,0.0119826914742589
316,0.15059517323970795,0.29931071400642395,0.15091164410114288,0.003621168900281191,0.013025544583797455,0.9999009966850281,0.0038961651735007763,0.15000000596046448,0.30000001192092896,0.15000000596046448,0.0,0.0,1.0,0.0,-6.127753522378043e-07,1.7629936621688103e-07,5.763955641668872e-07,0.00014338754408527166,2.7694738946593134e-06,1.7669517546892166e-05,0.04082711413502693,3.1340606212615967,0.012209983542561531
317,0.15059517323970795,0.29931071400642395,0.15091164410114288,0.003642268944531679,0.013020181097090244,0.999900758266449,0.003963471855968237,0.15000000596046448,0.30000001192092896,0.15000000596046448,0.0,0.0,1.0,0.0,-6.021582521498203e-07,1.776032121370008e-07,4.4526532860800216e-07,0.00013317503908183426,-4.375418575364165e-05,1.0983366337313782e-05,0.04080962389707565,3.1340179443359375,0.012421507388353348
318,0.15059517323970795,0.29931071400642395,0.15091164410114288,0.003681250149384141,0.01301778107881546,0.9999004006385803,0.004019798245280981,0.15000000596046448,0.30000001192092896,0.15000000596046448,0.0,0.0,1.0,0.0,-5.425536073744297e-07,1.5990808321930672e-07,2.9476359486579895e-07,0.00011121667921543121,-7.968983118189499e-05,4.870910288445884e-06,0.0408010259270668,3.133939504623413,0.01259844284504652
319,0.15059517323970795,0.29931071400642395,0.15091164410114288,0.003732271259650588,0.013017840683460236,0.9999000430107117,0.0040612295269966125,0.15000000596046448,0.30000001192092896,0.15000000596046448,0.0,0.0,1.0,0.0,-4.432746152360778e-07,1.2712553143501282e-07,1.5022233412764763e-07,8.149854693328962e-05,-0.00010305782780051231,-2.297572763154676e-07,0.04079986363649368,3.1338367462158203,0.012728452682495117
320,0.15059517323970795,0.29931071400642395,0.15091164410114288,0.003788299160078168,0.01301970798522234,0.9998997449874878,0.00408574566245079,0.15000000596046448,0.30000001192092896,0.15000000596046448,0.0,0.0,1.0,0.0,-3.1940871281221916e-07,8.037314103148674e-08,1.4621764243827329e-08,4.775524212163873e-05,-0.00011323234502924606,-4.0355139390158e-06,0.04080428555607796,3.133723735809326,0.012805160135030746
321,0.15059517323970795,0.29931071400642395,0.15091164410114288,0.0038432544097304344,0.013022685423493385,0.9998994469642639,0.004093441180884838,0.15000000596046448,0.30000001192092896,0.15000000596046448,0.0,0.0,1.0,0.0,-1.9032741249702667e-07,3.119930624961853e-08,-9.713694737456535e-08,1.4061853107705247e-05,-0.0001111364908865653,-6.395857781171799e-06,0.04081222042441368,3.133613348007202,0.012828695587813854
322,0.15059517323970795,0.29931071400642395,0.15091164410114288,0.0038926065899431705,0.013026118278503418,0.9998992681503296,0.004085902590304613,0.15000000596046448,0.30000001192092896,0.15000000596046448,0.0,0.0,1.0,0.0,-5.807960334891504e-08,-1.685693895581153e-08,-1.7313287514753029e-07,-1.638345383980777e-05,-9.872978989733383e-05,-7.352512511715759e-06,0.040821682661771774,3.1335151195526123,0.012804453261196613
323,0.15059517323970795,0.29931071400642395,0.15091164410114288,0.0039317067712545395,0.013029384426772594,0.99989914894104,0.0040658013895154,0.15000000596046448,0.30000001192092896,0.15000000596046448,0.0,0.0,1.0,0.0,4.95812848555488e-08,-6.658956408500671e-08,-2.1411106843061134e-07,-4.141777753829956e-05,-7.844558422220871e-05,-7.050018666632241e-06,0.04083092510700226,3.133436918258667,0.012740876525640488
324,0.15059517323970795,0.29931071400642395,0.15091164410114288,0.003958648070693016,0.01303199864923954,0.99989914894104,0.004036892671138048,0.15000000596046448,0.30000001192092896,0.15000000596046448,0.0,0.0,1.0,0.0,1.348904419273822e-07,-1.0142102979671108e-07,-2.163462369253466e-07,-5.898326708120294e-05,-5.342503936844878e-05,-5.719345153920585e-06,0.04083842411637306,3.13338303565979,0.01264964696019888
325,0.15059517323970795,0.29931071400642395,0.15091164410114288,0.003972357138991356,0.013033636845648289,0.9998992085456848,0.00400296226143837,0.15000000596046448,0.30000001192092896,0.15000000596046448,0.0,0.0,1.0,0.0,1.903972588479519e-07,-1.263804705331495e-07,-1.8803403634137794e-07,-6.867498450446874e-05,-2.6647654522093944e-05,-3.674905883599422e-06,0.0408431775867939,3.1333563327789307,0.012543229386210442
326,0.15059517323970795,0.29931071400642395,0.15091164410114288,0.003973072394728661,0.013034108094871044,0.9998993277549744,0.003967868629842997,0.15000000596046448,0.30000001192092896,0.15000000596046448,0.0,0.0,1.0,0.0,2.1945452033378388e-07,-1.4258549185797165e-07,-1.41095370054245e-07,-7.052608270896599e-05,-8.485280318382138e-07,-1.2311153341215686e-06,0.04084461182355881,3.1333556175231934,0.012433483265340328
327,0.15059517323970795,0.29931071400642395,0.15091164410114288,0.003962581977248192,0.01303337886929512,0.9998994469642639,0.003935188055038452,0.15000000596046448,0.30000001192092896,0.15000000596046448,0.0,0.0,1.0,0.0,2.198270578901429e-07,-1.4631078215643356e-07,-7.180496908176792e-08,-6.528087396873161e-05,2.1612737327814102e-05,1.285690814256668e-06,0.04084258899092674,3.1333770751953125,0.012331369332969189
328,0.15059517323970795,0.29931071400642395,0.15091164410114288,0.003943508490920067,0.01303153857588768,0.9998997449874878,0.003907725214958191,0.15000000596046448,0.30000001192092896,0.15000000596046448,0.0,0.0,1.0,0.0,1.9114231974981521e-07,-1.347623737046888e-07,8.661300121559634e-09,-5.446151044452563e-05,3.902846947312355e-05,3.6236831419955706e-06,0.04083731397986412,3.133415460586548,0.012245720252394676
329,0.15059517323970795,0.29931071400642395,0.15091164410114288,0.0039182365871965885,0.013028773479163647,0.9998998641967773,0.0038873907178640366,0.15000000596046448,0.30000001192092896,0.15000000596046448,0.0,0.0,1.0,0.0,1.479289579719989e-07,-1.217238576600721e-07,7.795170375857197e-08,-3.990866389358416e-05,5.04420131619554e-05,5.550403329834808e-06,0.040829338133335114,3.1334660053253174,0.012182428501546383
330,0.15059517323970795,0.29931071400642395,0.15091164410114288,0.0038904608227312565,0.01302535180002451,0.9999001026153564,0.003875291906297207,0.15000000596046448,0.30000001192092896,0.15000000596046448,0.0,0.0,1.0,0.0,8.869683654211258e-08,-9.825453162193298e-08,1.524575026223829e-07,-2.319328450539615e-05,5.540112033486366e-05,6.882567049615318e-06,0.0408194363117218,3.133521556854248,0.012145011685788631
331,0.15059517323970795,0.29931071400642395,0.15091164410114288,0.0038625660818070173,0.013021535240113735,0.9999002814292908,0.003871601540595293,0.15000000596046448,0.30000001192092896,0.15000000596046448,0.0,0.0,1.0,0.0,2.6298222266518678e-08,-7.44126751328622e-08,2.083368570993116e-07,-6.4771625147841405e-06,5.4356551117962226e-05,7.588881999254227e-06,0.04080841690301895,3.1335766315460205,0.012133524753153324
332,0.15059517323970795,0.29931071400642395,0.15091164410114288,0.0038380092009902,0.013017768040299416,0.9999004602432251,0.003875884460285306,0.15000000596046448,0.30000001192092896,0.15000000596046448,0.0,0.0,1.0,0.0,-3.163004436146366e-08,-5.001202296739393e-08,2.470798960985121e-07,8.977949619293213e-06,4.7952777094906196e-05,7.600803201057715e-06,0.04079713672399521,3.133626699447632,0.012146496213972569
333,0.15059517323970795,0.29931071400642395,0.15091164410114288,0.0038188165053725243,0.013014350086450577,0.9999005198478699,0.003886366495862603,0.15000000596046448,0.30000001192092896,0.15000000596046448,0.0,0.0,1.0,0.0,-8.769566051114452e-08,-2.579763602739149e-08,2.671964409728389e-07,2.1362677216529846e-05,3.7540590710705146e-05,7.037539035081863e-06,0.04078671708703041,3.1336655616760254,0.012179681099951267
334,0.15059517323970795,0.29931071400642395,0.15091164410114288,0.003806180553510785,0.013011476956307888,0.9999005198478699,0.003901044139638543,0.15000000596046448,0.30000001192092896,0.15000000596046448,0.0,0.0,1.0,0.0,-1.2904638424515724e-07,-9.592622696175113e-09,2.6794151608555694e-07,2.9907003408879973e-05,2.4889503038139082e-05,6.004888746247161e-06,0.040777936577796936,3.1336913108825684,0.012226272374391556
335,0.15059517323970795,0.29931071400642395,0.15091164410114288,0.003800339298322797,0.013009279035031796,0.9999005198478699,0.0039178538136184216,0.15000000596046448,0.30000001192092896,0.15000000596046448,0.0,0.0,1.0,0.0,-1.523294486105442e-07,4.563480704433687e-09,2.575106918811798e-07,3.4282358683412895e-05,1.1644605365290772e-05,4.6429227040789556e-06,0.04077116772532463,3.1337029933929443,0.012279435992240906
336,0.15059517323970795,0.29931071400642395,0.15091164410114288,0.003800339298322797,0.01300779264420271,0.9999005198478699,0.003934899345040321,0.15000000596046448,0.30000001192092896,0.15000000596046448,0.0,0.0,1.0,0.0,-1.6350531950592995e-07,6.6123901909520555e-09,2.3068859889008309e-07,3.470182491582818e-05,-8.202158028325357e-07,3.155786544084549e-06,0.04076652601361275,3.1337027549743652,0.012333017773926258
337,0.15059517323970795,0.29931071400642395,0.15091164410114288,0.0038058229256421328,0.013007002882659435,0.9999004006385803,0.0039506652392446995,0.15000000596046448,0.30000001192092896,0.15000000596046448,0.0,0.0,1.0,0.0,-1.5978002920746803e-07,6.426125853664644e-09,1.949258177091906e-07,3.1987579859560356e-05,-1.1598970559134614e-05,1.6835518863445031e-06,0.04076394438743591,3.1336910724639893,0.012382353655993938
338,0.15059517323970795,0.29931071400642395,0.15091164410114288,0.0038152404595166445,0.013006851077079773,0.9999002814292908,0.003963795956224203,0.15000000596046448,0.30000001192092896,0.15000000596046448,0.0,0.0,1.0,0.0,-1.439475454390049e-07,2.514570995870713e-09,1.5469268532797287e-07,2.6543066269368865e-05,-1.9854958736686967e-05,3.2754616086094757e-07,0.040763258934020996,3.133671760559082,0.012423318810760975
339,0.15059517323970795,0.29931071400642395,0.15091164410114288,0.003827519016340375,0.01300723385065794,0.999900221824646,0.003973476588726044,0.15000000596046448,0.30000001192092896,0.15000000596046448,0.0,0.0,1.0,0.0,-1.2271338789560104e-07,-6.798654972328677e-09,1.2489036294027756e-07,1.9448623788775876e-05,-2.5204475605278276e-05,-8.034519964894571e-07,0.04076417163014412,3.1336472034454346,0.012453360483050346
340,0.15059517323970795,0.29931071400642395,0.15091164410114288,0.0038409894332289696,0.013007995672523975,0.9999001026153564,0.003979216329753399,0.15000000596046448,0.30000001192092896,0.15000000596046448,0.0,0.0,1.0,0.0,-9.104842746410213e-08,-1.5553087706621227e-08,8.912757465395771e-08,1.1365115824446548e-05,-2.746870814007707e-05,-1.6200356185436249e-06,0.040766239166259766,3.133620262145996,0.012470968067646027
341,0.15059517323970795,0.29931071400642395,0.15091164410114288,0.0038543406408280134,0.013008997775614262,0.9999000430107117,0.0039809993468225,0.15000000596046448,0.30000001192092896,0.15000000596046448,0.0,0.0,1.0,0.0,-5.994225205085968e-08,-2.7660281176622448e-08,6.752088665962219e-08,3.2834709600138012e-06,-2.6877130949287675e-05,-2.1281653062033e-06,0.04076903685927391,3.1335935592651367,0.012476173229515553
342,0.15059517323970795,0.29931071400642395,0.15091164410114288,0.0038661423604935408,0.013010089285671711,0.9998999834060669,0.003979100380092859,0.15000000596046448,0.30000001192092896,0.15000000596046448,0.0,0.0,1.0,0.0,-2.9953664437698535e-08,-3.902241729747402e-08,4.5914202218000355e-08,-4.104152594663901e-06,-2.381121703365352e-05,-2.295058266099659e-06,0.04077211022377014,3.1335701942443848,0.012470030225813389
343,0.15059517323970795,0.29931071400642395,0.15091164410114288,0.0038755598943680525,0.013011099770665169,0.9998999834060669,0.003974264021962881,0.15000000596046448,0.30000001192092896,0.15000000596046448,0.0,0.0,1.0,0.0,-5.180481821298599e-09,-4.9080700392778454e-08,3.99537398720895e-08,-1.0070204552903306e-05,-1.890203020593617e-05,-2.16094781535503e-06,0.04077507555484772,3.1335511207580566,0.012454557232558727
344,0.15059517323970795,0.29931071400642395,0.15091164410114288,0.0038818777538836002,0.01301192119717598,0.9998999834060669,0.00396739924326539,0.15000000596046448,0.30000001192092896,0.15000000596046448,0.0,0.0,1.0,0.0,1.4936086145667105e-08,-6.13741590882455e-08,3.99537398720895e-08,-1.4310702681541443e-05,-1.2887176126241684e-05,-1.7988495528697968e-06,0.04077751189470291,3.1335384845733643,0.012432585470378399
345,0.15059517323970795,0.29931071400642395,0.15091164410114288,0.003885096637532115,0.013012493960559368,0.9998999834060669,0.0039594583213329315,0.15000000596046448,0.30000001192092896,0.15000000596046448,0.0,0.0,1.0,0.0,2.9278453439474106e-08,-6.807967878330601e-08,4.665926311986368e-08,-1.6563386452617124e-05,-6.555672825925285e-06,-1.2773089110851288e-06,0.04077921435236931,3.1335322856903076,0.012407392263412476
346,0.15059517323970795,0.29931071400642395,0.15091164410114288,0.0038854540325701237,0.013012786395847797,0.9998999834060669,0.003951291553676128,0.15000000596046448,0.30000001192092896,0.15000000596046448,0.0,0.0,1.0,0.0,3.430759676348316e-08,-6.547197983763908e-08,5.4854901065937156e-08,-1.7005206245812587e-05,-5.21447532264574e-07,-6.708316391268454e-07,0.040780093520879745,3.1335318088531494,0.012381695210933685
347,0.15059517323970795,0.29931071400642395,0.15091164410114288,0.0038833082653582096,0.013012790121138096,0.9999000430107117,0.003943637944757938,0.15000000596046448,0.30000001192092896,0.15000000596046448,0.0,0.0,1.0,0.0,3.523891933809864e-08,-7.012859271071648e-08,7.571652815840935e-08,-1.5887990230112337e-05,4.772190095536644e-06,-4.7963112592697144e-08,0.04078012704849243,3.1335365772247314,0.012357765808701515
348,0.15059517323970795,0.29931071400642395,0.15091164410114288,0.0038790167309343815,0.013012532144784927,0.9999001026153564,0.003937099128961563,0.15000000596046448,0.30000001192092896,0.15000000596046448,0.0,0.0,1.0,0.0,2.9464718664939937e-08,-6.994232393253697e-08,8.763745285023106e-08,-1.3521686014428269e-05,8.93929973244667e-06,5.272217435958737e-07,0.040779393166303635,3.133545398712158,0.012337438762187958
349,0.15059517323970795,0.29931071400642395,0.15091164410114288,0.003873414359986782,0.013012050651013851,0.9999001622200012,0.003932144492864609,0.15000000596046448,0.30000001192092896,0.15000000596046448,0.0,0.0,1.0,0.0,1.9220170344169674e-08,-6.733462498687004e-08,1.0849907994270325e-07,-1.0192022273258772e-05,1.172805241367314e-05,1.0144897260033758e-06,0.04077800363302231,3.133556842803955,0.012322152964770794
350,0.15059517323970795,0.29931071400642395,0.15091164410114288,0.0038669768255203962,0.013011407107114792,0.9999001622200012,0.003928988240659237,0.15000000596046448,0.30000001192092896,0.15000000596046448,0.0,0.0,1.0,0.0,6.554182530038588e-09,-6.025657484087787e-08,1.263804705331495e-07,-6.419420515157981e-06,1.3113860404700972e-05,1.3706275012737024e-06,0.04077613353729248,3.1335697174072266,0.012312561273574829
351,0.15059517323970795,0.29931071400642395,0.15091164410114288,0.0038608971517533064,0.013010665774345398,0.999900221824646,0.0039277090691030025,0.15000000596046448,0.30000001192092896,0.15000000596046448,0.0,0.0,1.0,0.0,-7.974449545145035e-09,-5.3551048040390015e-08,1.3383105113007332e-07,-2.4858861706889e-06,1.3092998415231705e-05,1.582223944751604e-06,0.040773969143629074,3.1335818767547607,0.012308884412050247
352,0.15059517323970795,0.29931071400642395,0.15091164410114288,0.003855055896565318,0.013009894639253616,0.999900221824646,0.003928098361939192,0.15000000596046448,0.30000001192092896,0.15000000596046448,0.0,0.0,1.0,0.0,-2.064043691518691e-08,-4.8335643043628806e-08,1.4724210473104904e-07,9.480863809585571e-07,1.1995528439001646e-05,1.6299076150971814e-06,0.0407717265188694,3.1335933208465576,0.012310320511460304
353,0.15059517323970795,0.29931071400642395,0.15091164410114288,0.003850168315693736,0.013009143993258476,0.9999002814292908,0.003930036909878254,0.15000000596046448,0.30000001192092896,0.15000000596046448,0.0,0.0,1.0,0.0,-3.38652164089126e-08,-4.3679030170551414e-08,1.5171245593137428e-07,3.997981821157737e-06,9.922776371240616e-06,1.5583821095788153e-06,0.0407695546746254,3.1336028575897217,0.012316400185227394
354,0.15059517323970795,0.29931071400642395,0.15091164410114288,0.0038465922698378563,0.01300845481455326,0.9999002814292908,0.003933260682970285,0.15000000596046448,0.30000001192092896,0.15000000596046448,0.0,0.0,1.0,0.0,-4.5041087304298344e-08,-4.0512531995773315e-08,1.5171245593137428e-07,6.288662461884087e-06,7.160846053011483e-06,1.3795681752526434e-06,0.04076756536960602,3.1336097717285156,0.01232614740729332
355,0.15059517323970795,0.29931071400642395,0.15091164410114288,0.0038444465026259422,0.013007896952331066,0.9999002814292908,0.0039373463951051235,0.15000000596046448,0.30000001192092896,0.15000000596046448,0.0,0.0,1.0,0.0,-5.1746610552072525e-08,-3.67872416973114e-08,1.494772732257843e-07,7.677078428969253e-06,4.005525170214241e-06,1.087505438590597e-06,0.0407659076154232,3.1336140632629395,0.012338504195213318
356,0.15059517323970795,0.29931071400642395,0.15091164410114288,0.00384408887475729,0.0130075141787529,0.999900221824646,0.003941829316318035,0.15000000596046448,0.30000001192092896,0.15000000596046448,0.0,0.0,1.0,0.0,-5.696201910154741e-08,-3.213062882423401e-08,1.4426187533445045e-07,8.171797162503935e-06,7.406808322230063e-07,7.343478500843048e-07,0.040764711797237396,3.133615016937256,0.012352151796221733
357,0.15059517323970795,0.29931071400642395,0.15091164410114288,0.0038454001769423485,0.013007340021431446,0.999900221824646,0.003946087323129177,0.15000000596046448,0.30000001192092896,0.15000000596046448,0.0,0.0,1.0,0.0,-5.5099373952316455e-08,-3.3807008747999134e-08,1.3830140233039856e-07,7.643177923455369e-06,-2.2104941308498383e-06,3.4095720025106857e-07,0.040764082223176956,3.133612632751465,0.012365421280264854
358,0.15059517323970795,0.29931071400642395,0.15091164410114288,0.003848022548481822,0.013007352128624916,0.999900221824646,0.003949602134525776,0.15000000596046448,0.30000001192092896,0.15000000596046448,0.0,0.0,1.0,0.0,-5.2677933126688004e-08,-3.436580442439663e-08,1.301057608316114e-07,6.2644480749440845e-06,-4.4978223741054535e-06,-1.369044166921185e-08,0.04076399654150009,3.1336073875427246,0.012376629747450352
359,0.15059517323970795,0.29931071400642395,0.15091164410114288,0.003851360408589244,0.013007529079914093,0.999900221824646,0.003952242899686098,0.15000000596046448,0.30000001192092896,0.15000000596046448,0.0,0.0,1.0,0.0,-4.8393850704542274e-08,-3.67872416973114e-08,1.166947214414904e-07,4.301220087654656e-06,-5.894061359867919e-06,-2.9979273108438065e-07,0.04076438024640083,3.133601427078247,0.012384572066366673
360,0.15059517323970795,0.29931071400642395,0.15091164410114288,0.003855175105854869,0.01300782896578312,0.9999001622200012,0.003953597974032164,0.15000000596046448,0.30000001192092896,0.15000000596046448,0.0,0.0,1.0,0.0,-3.721797980915653e-08,-4.181638502132046e-08,1.0998919464100254e-07,2.101436393786571e-06,-6.517675046779914e-06,-5.009584356230334e-07,0.04076514020562172,3.133594036102295,0.012389382347464561
361,0.15059517323970795,0.29931071400642395,0.15091164410114288,0.0038591090124100447,0.013008223846554756,0.9999001622200012,0.003953555598855019,0.15000000596046448,0.30000001192092896,0.15000000596046448,0.0,0.0,1.0,0.0,-3.1071248685066166e-08,-4.2561442370470104e-08,1.0253861404407871e-07,-1.4230609224341606e-07,-6.176438091642922e-06,-6.216578185558319e-07,0.0407661572098732,3.1335866451263428,0.0123900780454278
362,0.15059517323970795,0.29931071400642395,0.15091164410114288,0.0038625660818070173,0.01300861407071352,0.9999001622200012,0.003952109720557928,0.15000000596046448,0.30000001192092896,0.15000000596046448,0.0,0.0,1.0,0.0,-2.2503082064417868e-08,-4.665926311986368e-08,9.806826994918083e-08,-2.232193992313114e-06,-4.909094514005119e-06,-6.097369009694376e-07,0.04076728969812393,3.1335794925689697,0.012386618182063103
363,0.15059517323970795,0.29931071400642395,0.15091164410114288,0.00386447343043983,0.013008923269808292,0.9999001622200012,0.003949569538235664,0.15000000596046448,0.30000001192092896,0.15000000596046448,0.0,0.0,1.0,0.0,-1.4121178892878561e-08,-4.9266965618244285e-08,9.806826994918083e-08,-3.846362233161926e-06,-2.9063783131277887e-06,-4.860572744291858e-07,0.04076826199889183,3.133574962615967,0.012379497289657593
364,0.15059517323970795,0.29931071400642395,0.15091164410114288,0.003864831058308482,0.013009101152420044,0.9999001622200012,0.003946609795093536,0.15000000596046448,0.30000001192092896,0.15000000596046448,0.0,0.0,1.0,0.0,-1.0209624257129235e-08,-5.168840289115906e-08,9.806826994918083e-08,-4.447996616363525e-06,-6.92810885993822e-07,-2.84891569890533e-07,0.040768902748823166,3.133573532104492,0.012370544485747814
365,0.15059517323970795,0.29931071400642395,0.15091164410114288,0.0038642350118607283,0.013009129092097282,0.9999001622200012,0.00394382793456316,0.15000000596046448,0.30000001192092896,0.15000000596046448,0.0,0.0,1.0,0.0,-8.346979107898278e-09,-4.9453230843710116e-08,1.0104849934577942e-07,-4.158169303991599e-06,1.2957491435372503e-06,-5.2433460240308705e-08,0.04076911881566048,3.1335742473602295,0.012361690402030945
366,0.15059517323970795,0.29931071400642395,0.15091164410114288,0.0038623276632279158,0.013009021990001202,0.9999001622200012,0.003941537346690893,0.15000000596046448,0.30000001192092896,0.15000000596046448,0.0,0.0,1.0,0.0,-1.076841726899147e-08,-4.9453230843710116e-08,1.0998919464100254e-07,-3.400072500880924e-06,2.873037146855495e-06,1.561827929208448e-07,0.040768928825855255,3.133577346801758,0.012354139238595963
367,0.15059517323970795,0.29931071400642395,0.15091164410114288,0.0038598242681473494,0.013008811511099339,0.999900221824646,0.003940172027796507,0.15000000596046448,0.30000001192092896,0.15000000596046448,0.0,0.0,1.0,0.0,-1.617008926757535e-08,-5.0384553418325595e-08,1.1445954584132778e-07,-2.001971097342903e-06,3.7231482110655634e-06,3.2456591725349426e-07,0.04076841101050377,3.13358211517334,0.012349153868854046
368,0.15059517323970795,0.29931071400642395,0.15091164410114288,0.00385684403590858,0.013008534908294678,0.999900221824646,0.003939836286008358,0.15000000596046448,0.30000001192092896,0.15000000596046448,0.0,0.0,1.0,0.0,-2.0826702140652742e-08,-4.535541009431654e-08,1.2191013354367897e-07,-4.548579397578578e-07,3.796164037339622e-06,4.273839238067012e-07,0.040767669677734375,3.1335878372192383,0.012347318232059479
369,0.15059517323970795,0.29931071400642395,0.15091164410114288,0.003854340873658657,0.013008237816393375,0.999900221824646,0.003940607886761427,0.15000000596046448,0.30000001192092896,0.15000000596046448,0.0,0.0,1.0,0.0,-2.7532223612070084e-08,-4.461035274516689e-08,1.2787059233687614e-07,1.1950731959586847e-06,3.069732429139549e-06,4.5867636799812317e-07,0.040766820311546326,3.1335930824279785,0.012348887510597706
370,0.15059517323970795,0.29931071400642395,0.15091164410114288,0.003853029338642955,0.013007988221943378,0.999900221824646,0.00394219858571887,0.15000000596046448,0.30000001192092896,0.15000000596046448,0.0,0.0,1.0,0.0,-3.479653898352808e-08,-4.2747707595935935e-08,1.2787059233687614e-07,2.4076550744212e-06,1.7904676496982574e-06,3.9311126442953537e-07,0.040766045451164246,3.133596420288086,0.012353245168924332
371,0.15059517323970795,0.29931071400642395,0.15091164410114288,0.0038526717107743025,0.01300782710313797,0.999900221824646,0.003944085910916328,0.15000000596046448,0.30000001192092896,0.15000000596046448,0.0,0.0,1.0,0.0,-3.610039200907522e-08,-3.902241729747402e-08,1.263804705331495e-07,2.8349459171295166e-06,3.6964192418054154e-07,2.5900081368490646e-07,0.040765486657619476,3.1335976123809814,0.012358932755887508
372,0.15059517323970795,0.29931071400642395,0.15091164410114288,0.003853506175801158,0.013007762841880322,0.999900221824646,0.00394591037184,0.15000000596046448,0.30000001192092896,0.15000000596046448,0.0,0.0,1.0,0.0,-3.498280420899391e-08,-3.9394944195692005e-08,1.234002411365509e-07,2.7235598736297106e-06,-9.39425092383317e-07,1.0402873584780536e-07,0.040765196084976196,3.133596658706665,0.012364696711301804
373,0.15059517323970795,0.29931071400642395,0.15091164410114288,0.003854936920106411,0.01300780288875103,0.999900221824646,0.003947248216718435,0.15000000596046448,0.30000001192092896,0.15000000596046448,0.0,0.0,1.0,0.0,-3.5541599885391406e-08,-4.088506244670498e-08,1.1520460674319111e-07,1.9818544387817383e-06,-1.8387102045380743e-06,-5.541369318962097e-08,0.04076520726084709,3.133594036102295,0.012369259260594845
374,0.15059517323970795,0.29931071400642395,0.15091164410114288,0.0038558905944228172,0.01300790160894394,0.999900221824646,0.003947938792407513,0.15000000596046448,0.30000001192092896,0.15000000596046448,0.0,0.0,1.0,0.0,-3.032619133591652e-08,-4.442408751970106e-08,1.166947214414904e-07,1.008808681035589e-06,-2.2246501885092584e-06,-1.5972182154655457e-07,0.040765441954135895,3.133591651916504,0.012371920049190521
375,0.15059517323970795,0.29931071400642395,0.15091164410114288,0.003857320873066783,0.01300803292542696,0.9999001622200012,0.0039482214488089085,0.15000000596046448,0.30000001192092896,0.15000000596046448,0.0,0.0,1.0,0.0,-3.051245656138235e-08,-4.330649971961975e-08,1.1743977523792637e-07,3.945082482914586e-07,-2.3632310330867767e-06,-2.029351975352256e-07,0.04076579585671425,3.133589029312134,0.012373115867376328
376,0.15059517323970795,0.29931071400642395,0.15091164410114288,0.0038586321752518415,0.013008185662329197,0.9999001622200012,0.0039479597471654415,0.15000000596046448,0.30000001192092896,0.15000000596046448,0.0,0.0,1.0,0.0,-2.6787166262920437e-08,-4.516914486885071e-08,1.0849907994270325e-07,-4.1984023368968337e-07,-2.0935201519023394e-06,-2.386979929269728e-07,0.04076622053980827,3.1335864067077637,0.012372711673378944
377,0.15059517323970795,0.29931071400642395,0.15091164410114288,0.0038598242681473494,0.013008329086005688,0.9999001622200012,0.003947258461266756,0.15000000596046448,0.30000001192092896,0.15000000596046448,0.0,0.0,1.0,0.0,-2.2130553389843044e-08,-4.628673266893202e-08,1.0924414084456657e-07,-1.0717660643422278e-06,-1.5116296481210156e-06,-2.2081658812567184e-07,0.040766648948192596,3.1335840225219727,0.012370849959552288
378,0.15059517323970795,0.29931071400642395,0.15091164410114288,0.0038601818960160017,0.013008428737521172,0.9999001622200012,0.003946198616176844,0.15000000596046448,0.30000001192092896,0.15000000596046448,0.0,0.0,1.0,0.0,-2.1385494264336558e-08,-4.8335643043628806e-08,1.1296943114302849e-07,-1.5981495380401611e-06,-6.965361762922839e-07,-1.6121194335028122e-07,0.04076698422431946,3.1335830688476562,0.012367804534733295
379,0.15059517323970795,0.29931071400642395,0.15091164410114288,0.0038601818960160017,0.013008467853069305,0.9999001622200012,0.003945120144635439,0.15000000596046448,0.30000001192092896,0.15000000596046448,0.0,0.0,1.0,0.0,-2.1199230815227565e-08,-4.665926311986368e-08,1.1371448493946446e-07,-1.616030999684881e-06,8.950009799946201e-08,-7.031485438346863e-08,0.04076715186238289,3.133582830429077,0.01236443966627121
380,0.15059517323970795,0.29931071400642395,0.15091164410114288,0.003859585849568248,0.013008459471166134,0.9999001622200012,0.0039441525004804134,0.15000000596046448,0.30000001192092896,0.15000000596046448,0.0,0.0,1.0,0.0,-1.8591526540490122e-08,-5.1315875992941073e-08,1.0924414084456657e-07,-1.4405698038899573e-06,7.771886885166168e-07,8.661300121559634e-09,0.04076717421412468,3.1335837841033936,0.012361324392259121
381,0.15059517323970795,0.29931071400642395,0.15091164410114288,0.003858989803120494,0.013008407317101955,0.9999001622200012,0.003943497780710459,0.15000000596046448,0.30000001192092896,0.15000000596046448,0.0,0.0,1.0,0.0,-2.2503082064417868e-08,-4.6845524792615834e-08,1.1743977523792637e-07,-9.670853842180804e-07,1.2011267926936853e-06,8.465722345363247e-08,0.04076705873012543,3.133584976196289,0.012359031476080418
382,0.15059517323970795,0.29931071400642395,0.15091164410114288,0.0038581553380936384,0.013008319772779942,0.9999001622200012,0.003943118266761303,0.15000000596046448,0.30000001192092896,0.15000000596046448,0.0,0.0,1.0,0.0,-2.26893472898837e-08,-4.4982879643384877e-08,1.1892989704165302e-07,-5.524605626305856e-07,1.426879293831007e-06,1.3383105113007332e-07,0.04076683148741722,3.1335864067077637,0.012357632629573345
383,0.15059517323970795,0.29931071400642395,0.15091164410114288,0.003857201663777232,0.013008221052587032,0.9999001622200012,0.003943081479519606,0.15000000596046448,0.30000001192092896,0.15000000596046448,0.0,0.0,1.0,0.0,-2.7532223612070084e-08,-4.647299789439785e-08,1.2042001173995232e-07,-3.8743021235632114e-08,1.4075078524911078e-06,1.5320256352424622e-07,0.040766555815935135,3.1335883140563965,0.012357255443930626
384,0.15059517323970795,0.29931071400642395,0.15091164410114288,0.0038566056173294783,0.013008126989006996,0.9999001622200012,0.003943389281630516,0.15000000596046448,0.30000001192092896,0.15000000596046448,0.0,0.0,1.0,0.0,-2.6787166262920437e-08,-4.088506244670498e-08,1.2116507264181564e-07,4.7460198970838974e-07,1.125130779655592e-06,1.4873221232392098e-07,0.04076627641916275,3.133589744567871,0.012357955798506737
385,0.15059517323970795,0.29931071400642395,0.15091164410114288,0.003856009803712368,0.013008047826588154,0.999900221824646,0.0039438786916434765,0.15000000596046448,0.30000001192092896,0.15000000596046448,0.0,0.0,1.0,0.0,-2.9767397435875864e-08,-4.442408751970106e-08,1.1743977523792637e-07,7.420778160849295e-07,7.488765163543576e-07,1.234002411365509e-07,0.04076602682471275,3.1335906982421875,0.012359349988400936
386,0.15059517323970795,0.29931071400642395,0.15091164410114288,0.0038556521758437157,0.013007985427975655,0.999900221824646,0.003944530617445707,0.15000000596046448,0.30000001192092896,0.15000000596046448,0.0,0.0,1.0,0.0,-2.7718488837535915e-08,-4.442408751970106e-08,1.2191013354367897e-07,9.804964520299109e-07,2.4670734433129837e-07,9.657815525088154e-08,0.040765829384326935,3.133591651916504,0.012361269444227219
387,0.15059517323970795,0.29931071400642395,0.15091164410114288,0.003856009803712368,0.013007955625653267,0.999900221824646,0.00394524447619915,0.15000000596046448,0.30000001192092896,0.15000000596046448,0.0,0.0,1.0,0.0,-2.7904752286644907e-08,-4.442408751970106e-08,1.2489036294027756e-07,1.0658055771273212e-06,-2.7706846594810486e-07,4.5914202218000355e-08,0.040765706449747086,3.133591413497925,0.01236345712095499
388,0.15059517323970795,0.29931071400642395,0.15091164410114288,0.003856009803712368,0.013007955625653267,0.999900221824646,0.00394524447619915,0.15000000596046448,0.30000001192092896,0.15000000596046448,0.0,0.0,1.0,0.0,-2.920860531219205e-08,-4.40515570687694e-08,1.2116507264181564e-07,7.554888838967599e-07,-6.19795173406601e-07,-2.1141023154314098e-08,0.040765680372714996,3.133591413497925,0.012364017777144909
389,0.15059517323970795,0.29931071400642395,0.15091164410114288,0.003856009803712368,0.013007955625653267,0.999900221824646,0.00394524447619915,0.15000000596046448,0.30000001192092896,0.15000000596046448,0.0,0.0,1.0,0.0,-2.7718488837535915e-08,-4.516914486885071e-08,1.1594966053962708e-07,7.595867259624356e-07,-6.056390589037619e-07,-2.4121254327269526e-08,0.040765680372714996,3.133591413497925,0.012364017777144909
390,0.15059517323970795,0.29931071400642395,0.15091164410114288,0.003856009803712368,0.013007955625653267,0.999900221824646,0.00394524447619915,0.15000000596046448,0.30000001192092896,0.15000000596046448,0.0,0.0,1.0,0.0,-2.7532223612070084e-08,-4.349276494508558e-08,1.181848361397897e-07,7.595867259624356e-07,-6.063841624381894e-07,-2.4121254327269526e-08,0.040765680372714996,3.133591413497925,0.012364017777144909
391,0.15059517323970795,0.29931071400642395,0.15091164410114288,0.003856009803712368,0.013007955625653267,0.999900221824646,0.00394524447619915,0.15000000596046448,0.30000001192092896,0.15000000596046448,0.0,0.0,1.0,0.0,-2.7718488837535915e-08,-4.349276494508558e-08,1.181848361397897e-07,7.618218660354614e-07,-6.07129209129198e-07,-2.7101487276581793e-08,0.040765680372714996,3.133591413497925,0.012364017777144909
392,0.15059517323970795,0.29931071400642395,0.15091164410114288,0.003856009803712368,0.013007955625653267,0.999900221824646,0.00394524447619915,0.15000000596046448,0.30000001192092896,0.15000000596046448,0.0,0.0,1.0,0.0,-2.6600901037454605e-08,-4.3865295396017245e-08,1.1892989704165302e-07,7.607042675772391e-07,-6.063841624381894e-07,-2.263113962897023e-08,0.040765680372714996,3.133591413497925,0.012364017777144909
393,0.15059517323970795,0.29931071400642395,0.15091164410114288,0.003856009803712368,0.013007955625653267,0.999900221824646,0.00394524447619915,0.15000000596046448,0.30000001192092896,0.15000000596046448,0.0,0.0,1.0,0.0,-2.734596016296109e-08,-4.4982879643384877e-08,1.19674950838089e-07,7.633120162608975e-07,-6.063841624381894e-07,-2.561137080192566e-08,0.040765680372714996,3.133591413497925,0.012364017777144909
394,0.15059517323970795,0.29931071400642395,0.15091164410114288,0.003856009803712368,0.013007955625653267,0.999900221824646,0.00394524447619915,0.15000000596046448,0.30000001192092896,0.15000000596046448,0.0,0.0,1.0,0.0,-2.6787166262920437e-08,-4.3865295396017245e-08,1.2116507264181564e-07,7.603317726534442e-07,-6.07129209129198e-07,-2.263113962897023e-08,0.040765680372714996,3.133591413497925,0.012364017777144909
395,0.15059517323970795,0.29931071400642395,0.15091164410114288,0.003856009803712368,0.013007955625653267,0.999900221824646,0.00394524447619915,0.15000000596046448,0.30000001192092896,0.15000000596046448,0.0,0.0,1.0,0.0,-2.7718488837535915e-08,-4.4982879643384877e-08,1.19674950838089e-07,7.6256691272647e-07,-6.078742558202066e-07,-2.561137080192566e-08,0.040765680372714996,3.133591413497925,0.012364017777144909
396,0.15059517323970795,0.29931071400642395,0.15091164410114288,0.003856009803712368,0.013007955625653267,0.999900221824646,0.00394524447619915,0.15000000596046448,0.30000001192092896,0.15000000596046448,0.0,0.0,1.0,0.0,-2.697342971202943e-08,-4.3865295396017245e-08,1.181848361397897e-07,7.603317726534442e-07,-6.07129209129198e-07,-2.263113962897023e-08,0.040765680372714996,3.133591413497925,0.012364017777144909
397,0.15059517323970795,0.29931071400642395,0.15091164410114288,0.003856009803712368,0.013007955625653267,0.999900221824646,0.00394524447619915,0.15000000596046448,0.30000001192092896,0.15000000596046448,0.0,0.0,1.0,0.0,-2.734596016296109e-08,-4.4982879643384877e-08,1.181848361397897e-07,7.618218660354614e-07,-6.063841624381894e-07,-2.263113962897023e-08,0.040765680372714996,3.133591413497925,0.012364017777144909
398,0.15059517323970795,0.29931071400642395,0.15091164410114288,0.003856009803712368,0.013007955625653267,0.999900221824646,0.00394524447619915,0.15000000596046448,0.30000001192092896,0.15000000596046448,0.0,0.0,1.0,0.0,-2.734596016296109e-08,-4.3865295396017245e-08,1.181848361397897e-07,7.610768193444528e-07,-6.086193025112152e-07,-2.263113962897023e-08,0.040765680372714996,3.133591413497925,0.012364017777144909
399,0.15059517323970795,0.29931071400642395,0.15091164410114288,0.003856009803712368,0.013007955625653267,0.999900221824646,0.00394524447619915,0.15000000596046448,0.30000001192092896,0.15000000596046448,0.0,0.0,1.0,0.0,-2.7532223612070084e-08,-4.349276494508558e-08,1.181848361397897e-07,7.610768193444528e-07,-6.07129209129198e-07,-2.4121254327269526e-08,0.040765680372714996,3.133591413497925,0.012364017777144909
400,0.15059517323970795,0.29931071400642395,0.15091164410114288,0.003856009803712368,0.013007955625653267,0.999900221824646,0.00394524447619915,0.15000000596046448,0.30000001192092896,0.15000000596046448,0.0,0.0,1.0,0.0,-2.7532223612070084e-08,-4.349276494508558e-08,1.181848361397897e-07,7.599592208862305e-07,-6.07129209129198e-07,-2.7101487276581793e-08,0.040765680372714996,3.133591413497925,0.012364017777144909
401,0.15059517323970795,0.29931071400642395,0.15091164410114288,0.003856009803712368,0.013007955625653267,0.999900221824646,0.00394524447619915,0.15000000596046448,0.30000001192092896,0.15000000596046448,0.0,0.0,1.0,0.0,-2.6600901037454605e-08,-4.2747707595935935e-08,1.1892989704165302e-07,7.607042675772391e-07,-6.063841624381894e-07,-2.1141023154314098e-08,0.040765680372714996,3.133591413497925,0.012364017777144909
402,0.15059517323970795,0.29931071400642395,0.15091164410114288,0.003856009803712368,0.013007955625653267,0.999900221824646,0.00394524447619915,0.15000000596046448,0.30000001192092896,0.15000000596046448,0.0,0.0,1.0,0.0,-2.7718488837535915e-08,-4.461035274516689e-08,1.19674950838089e-07,7.618218660354614e-07,-6.086193025112152e-07,-2.561137080192566e-08,0.040765680372714996,3.133591413497925,0.012364017777144909
403,0.15059517323970795,0.29931071400642395,0.15091164410114288,0.003856009803712368,0.013007955625653267,0.999900221824646,0.00394524447619915,0.15000000596046448,0.30000001192092896,0.15000000596046448,0.0,0.0,1.0,0.0,-2.715969493749526e-08,-4.3865295396017245e-08,1.1445954584132778e-07,7.584691275042132e-07,-6.048940122127533e-07,-2.4121254327269526e-08,0.040765680372714996,3.133591413497925,0.012364017777144909
404,0.15059517323970795,0.29931071400642395,0.15091164410114288,0.003856009803712368,0.013007955625653267,0.999900221824646,0.00394524447619915,0.15000000596046448,0.30000001192092896,0.15000000596046448,0.0,0.0,1.0,0.0,-2.697342971202943e-08,-4.4982879643384877e-08,1.166947214414904e-07,7.610768193444528e-07,-6.078742558202066e-07,-2.561137080192566e-08,0.040765680372714996,3.133591413497925,0.012364017777144909
405,0.15059517323970795,0.29931071400642395,0.15091164410114288,0.003856009803712368,0.013007955625653267,0.999900221824646,0.00394524447619915,0.15000000596046448,0.30000001192092896,0.15000000596046448,0.0,0.0,1.0,0.0,-2.715969493749526e-08,-4.4982879643384877e-08,1.181848361397897e-07,7.607042675772391e-07,-6.063841624381894e-07,-2.561137080192566e-08,0.040765680372714996,3.133591413497925,0.012364017777144909
406,0.15059517323970795,0.29931071400642395,0.15091164410114288,0.003856009803712368,0.013007955625653267,0.999900221824646,0.00394524447619915,0.15000000596046448,0.30000001192092896,0.15000000596046448,0.0,0.0,1.0,0.0,-2.7532223612070084e-08,-4.4982879643384877e-08,1.181848361397897e-07,7.599592208862305e-07,-6.07129209129198e-07,-2.8591603751237926e-08,0.040765680372714996,3.133591413497925,0.012364017777144909
407,0.15059517323970795,0.29931071400642395,0.15091164410114288,0.003856009803712368,0.013007955625653267,0.999900221824646,0.00394524447619915,0.15000000596046448,0.30000001192092896,0.15000000596046448,0.0,0.0,1.0,0.0,-2.6600901037454605e-08,-4.3865295396017245e-08,1.1594966053962708e-07,7.584691275042132e-07,-6.048940122127533e-07,-2.263113962897023e-08,0.040765680372714996,3.133591413497925,0.012364017777144909
408,0.15059517323970795,0.29931071400642395,0.15091164410114288,0.003856009803712368,0.013007955625653267,0.999900221824646,0.00394524447619915,0.15000000596046448,0.30000001192092896,0.15000000596046448,0.0,0.0,1.0,0.0,-2.715969493749526e-08,-4.461035274516689e-08,1.181848361397897e-07,7.64429557875701e-07,-6.063841624381894e-07,-2.561137080192566e-08,0.040765680372714996,3.133591413497925,0.012364017777144909
409,0.15059517323970795,0.29931071400642395,0.15091164410114288,0.003856009803712368,0.013007955625653267,0.999900221824646,0.00394524447619915,0.15000000596046448,0.30000001192092896,0.15000000596046448,0.0,0.0,1.0,0.0,-2.6787166262920437e-08,-4.3865295396017245e-08,1.2116507264181564e-07,7.595867259624356e-07,-6.07129209129198e-07,-2.263113962897023e-08,0.040765680372714996,3.133591413497925,0.012364017777144909
410,0.15059517323970795,0.29931071400642395,0.15091164410114288,0.003856009803712368,0.013007955625653267,0.999900221824646,0.00394524447619915,0.15000000596046448,0.30000001192092896,0.15000000596046448,0.0,0.0,1.0,0.0,-2.715969493749526e-08,-4.4982879643384877e-08,1.181848361397897e-07,7.614493711116666e-07,-6.078742558202066e-07,-2.263113962897023e-08,0.040765680372714996,3.133591413497925,0.012364017777144909
411,0.15059517323970795,0.29931071400642395,0.15091164410114288,0.003856009803712368,0.013007955625653267,0.999900221824646,0.00394524447619915,0.15000000596046448,0.30000001192092896,0.15000000596046448,0.0,0.0,1.0,0.0,-2.7532223612070084e-08,-4.4982879643384877e-08,1.181848361397897e-07,7.607042675772391e-07,-6.078742558202066e-07,-2.561137080192566e-08,0.040765680372714996,3.133591413497925,0.012364017777144909
412,0.15059517323970795,0.29931071400642395,0.15091164410114288,0.003856009803712368,0.013007955625653267,0.999900221824646,0.00394524447619915,0.15000000596046448,0.30000001192092896,0.15000000596046448,0.0,0.0,1.0,0.0,-2.7904752286644907e-08,-4.349276494508558e-08,1.166947214414904e-07,7.592141741952219e-07,-6.056390589037619e-07,-2.7101487276581793e-08,0.040765680372714996,3.133591413497925,0.012364017777144909
413,0.15059517323970795,0.29931071400642395,0.15091164410114288,0.003856009803712368,0.013007955625653267,0.999900221824646,0.00394524447619915,0.15000000596046448,0.30000001192092896,0.15000000596046448,0.0,0.0,1.0,0.0,-2.697342971202943e-08,-4.2747707595935935e-08,1.1892989704165302e-07,7.6256691272647e-07,-6.063841624381894e-07,-2.4121254327269526e-08,0.040765680372714996,3.133591413497925,0.012364017777144909
414,0.15059517323970795,0.29931071400642395,0.15091164410114288,0.003856009803712368,0.013007955625653267,0.999900221824646,0.00394524447619915,0.15000000596046448,0.30000001192092896,0.15000000596046448,0.0,0.0,1.0,0.0,-2.734596016296109e-08,-4.4982879643384877e-08,1.19674950838089e-07,7.640570629519061e-07,-6.078742558202066e-07,-2.263113962897023e-08,0.040765680372714996,3.133591413497925,0.012364017777144909
415,0.15059517323970795,0.29931071400642395,0.15091164410114288,0.003856009803712368,0.013007955625653267,0.999900221824646,0.00394524447619915,0.15000000596046448,0.30000001192092896,0.15000000596046448,0.0,0.0,1.0,0.0,-2.6787166262920437e-08,-4.3865295396017245e-08,1.19674950838089e-07,7.610768193444528e-07,-6.07129209129198e-07,-2.1141023154314098e-08,0.040765680372714996,3.133591413497925,0.012364017777144909
416,0.15059517323970795,0.29931071400642395,0.15091164410114288,0.003856009803712368,0.013007955625653267,0.999900221824646,0.00394524447619915,0.15000000596046448,0.30000001192092896,0.15000000596046448,0.0,0.0,1.0,0.0,-2.809101751211074e-08,-4.4982879643384877e-08,1.19674950838089e-07,7.618218660354614e-07,-6.078742558202066e-07,-2.561137080192566e-08,0.040765680372714996,3.133591413497925,0.012364017777144909
417,0.15059517323970795,0.29931071400642395,0.15091164410114288,0.003856009803712368,0.013007955625653267,0.999900221824646,0.00394524447619915,0.15000000596046448,0.30000001192092896,0.15000000596046448,0.0,0.0,1.0,0.0,-2.697342971202943e-08,-4.3865295396017245e-08,1.181848361397897e-07,7.603317726534442e-07,-6.07129209129198e-07,-2.263113962897023e-08,0.040765680372714996,3.133591413497925,0.012364017777144909
418,0.15059517323970795,0.29931071400642395,0.15091164410114288,0.003856009803712368,0.013007955625653267,0.999900221824646,0.00394524447619915,0.15000000596046448,0.30000001192092896,0.15000000596046448,0.0,0.0,1.0,0.0,-2.734596016296109e-08,-4.4982879643384877e-08,1.181848361397897e-07,7.618218660354614e-07,-6.063841624381894e-07,-2.263113962897023e-08,0.040765680372714996,3.133591413497925,0.012364017777144909
419,0.15059517323970795,0.29931071400642395,0.15091164410114288,0.003856009803712368,0.013007955625653267,0.999900221824646,0.00394524447619915,0.15000000596046448,0.30000001192092896,0.15000000596046448,0.0,0.0,1.0,0.0,-2.734596016296109e-08,-4.3865295396017245e-08,1.181848361397897e-07,7.610768193444528e-07,-6.086193025112152e-07,-2.263113962897023e-08,0.040765680372714996,3.133591413497925,0.012364017777144909
420,0.15059517323970795,0.29931071400642395,0.15091164410114288,0.003856009803712368,0.013007955625653267,0.999900221824646,0.00394524447619915,0.15000000596046448,0.30000001192092896,0.15000000596046448,0.0,0.0,1.0,0.0,-2.7532223612070084e-08,-4.349276494508558e-08,1.181848361397897e-07,7.610768193444528e-07,-6.07129209129198e-07,-2.4121254327269526e-08,0.040765680372714996,3.133591413497925,0.012364017777144909
421,0.15059517323970795,0.29931071400642395,0.15091164410114288,0.003856009803712368,0.013007955625653267,0.999900221824646,0.00394524447619915,0.15000000596046448,0.30000001192092896,0.15000000596046448,0.0,0.0,1.0,0.0,-2.7532223612070084e-08,-4.349276494508558e-08,1.181848361397897e-07,7.599592208862305e-07,-6.07129209129198e-07,-2.7101487276581793e-08,0.040765680372714996,3.133591413497925,0.012364017777144909
422,0.15059517323970795,0.29931071400642395,0.15091164410114288,0.003856009803712368,0.013007955625653267,0.999900221824646,0.00394524447619915,0.15000000596046448,0.30000001192092896,0.15000000596046448,0.0,0.0,1.0,0.0,-2.6600901037454605e-08,-4.2747707595935935e-08,1.1892989704165302e-07,7.607042675772391e-07,-6.063841624381894e-07,-2.1141023154314098e-08,0.040765680372714996,3.133591413497925,0.012364017777144909
423,0.15059517323970795,0.29931071400642395,0.15091164410114288,0.003856009803712368,0.013007955625653267,0.999900221824646,0.00394524447619915,0.15000000596046448,0.30000001192092896,0.15000000596046448,0.0,0.0,1.0,0.0,-2.7718488837535915e-08,-4.461035274516689e-08,1.19674950838089e-07,7.618218660354614e-07,-6.086193025112152e-07,-2.561137080192566e-08,0.040765680372714996,3.133591413497925,0.012364017777144909
424,0.15059517323970795,0.29931071400642395,0.15091164410114288,0.003856009803712368,0.013007955625653267,0.999900221824646,0.00394524447619915,0.15000000596046448,0.30000001192092896,0.15000000596046448,0.0,0.0,1.0,0.0,-2.715969493749526e-08,-4.3865295396017245e-08,1.1445954584132778e-07,7.584691275042132e-07,-6.048940122127533e-07,-2.4121254327269526e-08,0.040765680372714996,3.133591413497925,0.012364017777144909
425,0.15059517323970795,0.29931071400642395,0.15091164410114288,0.003856009803712368,0.013007955625653267,0.999900221824646,0.00394524447619915,0.15000000596046448,0.30000001192092896,0.15000000596046448,0.0,0.0,1.0,0.0,-2.697342971202943e-08,-4.4982879643384877e-08,1.166947214414904e-07,7.610768193444528e-07,-6.078742558202066e-07,-2.561137080192566e-08,0.040765680372714996,3.133591413497925,0.012364017777144909
426,0.15059517323970795,0.29931071400642395,0.15091164410114288,0.003856009803712368,0.013007955625653267,0.999900221824646,0.00394524447619915,0.15000000596046448,0.30000001192092896,0.15000000596046448,0.0,0.0,1.0,0.0,-2.715969493749526e-08,-4.4982879643384877e-08,1.181848361397897e-07,7.607042675772391e-07,-6.063841624381894e-07,-2.561137080192566e-08,0.040765680372714996,3.133591413497925,0.012364017777144909
427,0.15059517323970795,0.29931071400642395,0.15091164410114288,0.003856009803712368,0.013007955625653267,0.999900221824646,0.00394524447619915,0.15000000596046448,0.30000001192092896,0.15000000596046448,0.0,0.0,1.0,0.0,-2.7532223612070084e-08,-4.4982879643384877e-08,1.181848361397897e-07,7.599592208862305e-07,-6.07129209129198e-07,-2.8591603751237926e-08,0.040765680372714996,3.133591413497925,0.012364017777144909
428,0.15059517323970795,0.29931071400642395,0.15091164410114288,0.003856009803712368,0.013007955625653267,0.999900221824646,0.00394524447619915,0.15000000596046448,0.30000001192092896,0.15000000596046448,0.0,0.0,1.0,0.0,-2.6600901037454605e-08,-4.3865295396017245e-08,1.1594966053962708e-07,7.584691275042132e-07,-6.048940122127533e-07,-2.263113962897023e-08,0.040765680372714996,3.133591413497925,0.012364017777144909
429,0.15059517323970795,0.29931071400642395,0.15091164410114288,0.003856009803712368,0.013007955625653267,0.999900221824646,0.00394524447619915,0.15000000596046448,0.30000001192092896,0.15000000596046448,0.0,0.0,1.0,0.0,-2.715969493749526e-08,-4.461035274516689e-08,1.181848361397897e-07,7.64429557875701e-07,-6.063841624381894e-07,-2.561137080192566e-08,0.040765680372714996,3.133591413497925,0.012364017777144909
430,0.15059517323970795,0.29931071400642395,0.15091164410114288,0.003856009803712368,0.013007955625653267,0.999900221824646,0.00394524447619915,0.15000000596046448,0.30000001192092896,0.15000000596046448,0.0,0.0,1.0,0.0,-2.6787166262920437e-08,-4.3865295396017245e-08,1.2116507264181564e-07,7.595867259624356e-07,-6.07129209129198e-07,-2.263113962897023e-08,0.040765680372714996,3.133591413497925,0.012364017777144909
431,0.15059517323970795,0.29931071400642395,0.15091164410114288,0.003856009803712368,0.013007955625653267,0.999900221824646,0.00394524447619915,0.15000000596046448,0.30000001192092896,0.15000000596046448,0.0,0.0,1.0,0.0,-2.715969493749526e-08,-4.4982879643384877e-08,1.181848361397897e-07,7.614493711116666e-07,-6.078742558202066e-07,-2.263113962897023e-08,0.040765680372714996,3.133591413497925,0.012364017777144909
432,0.15059517323970795,0.29931071400642395,0.15091164410114288,0.003856009803712368,0.013007955625653267,0.999900221824646,0.00394524447619915,0.15000000596046448,0.30000001192092896,0.15000000596046448,0.0,0.0,1.0,0.0,-2.7532223612070084e-08,-4.4982879643384877e-08,1.181848361397897e-07,7.607042675772391e-07,-6.078742558202066e-07,-2.561137080192566e-08,0.040765680372714996,3.133591413497925,0.012364017777144909
433,0.15059517323970795,0.29931071400642395,0.15091164410114288,0.003856009803712368,0.013007955625653267,0.999900221824646,0.00394524447619915,0.15000000596046448,0.30000001192092896,0.15000000596046448,0.0,0.0,1.0,0.0,-2.7904752286644907e-08,-4.349276494508558e-08,1.166947214414904e-07,7.592141741952219e-07,-6.056390589037619e-07,-2.7101487276581793e-08,0.040765680372714996,3.133591413497925,0.012364017777144909
434,0.15059517323970795,0.29931071400642395,0.15091164410114288,0.003856009803712368,0.013007955625653267,0.999900221824646,0.00394524447619915,0.15000000596046448,0.30000001192092896,0.15000000596046448,0.0,0.0,1.0,0.0,-2.697342971202943e-08,-4.2747707595935935e-08,1.1892989704165302e-07,7.6256691272647e-07,-6.063841624381894e-07,-2.4121254327269526e-08,0.040765680372714996,3.133591413497925,0.012364017777144909
435,0.15059517323970795,0.29931071400642395,0.15091164410114288,0.003856009803712368,0.013007955625653267,0.999900221824646,0.00394524447619915,0.15000000596046448,0.30000001192092896,0.15000000596046448,0.0,0.0,1.0,0.0,-2.734596016296109e-08,-4.4982879643384877e-08,1.19674950838089e-07,7.640570629519061e-07,-6.078742558202066e-07,-2.263113962897023e-08,0.040765680372714996,3.133591413497925,0.012364017777144909
436,0.15059517323970795,0.29931071400642395,0.15091164410114288,0.003856009803712368,0.013007955625653267,0.999900221824646,0.00394524447619915,0.15000000596046448,0.30000001192092896,0.15000000596046448,0.0,0.0,1.0,0.0,-2.6787166262920437e-08,-4.3865295396017245e-08,1.19674950838089e-07,7.610768193444528e-07,-6.07129209129198e-07,-2.1141023154314098e-08,0.040765680372714996,3.133591413497925,0.012364017777144909
437,0.15059517323970795,0.29931071400642395,0.15091164410114288,0.003856009803712368,0.013007955625653267,0.999900221824646,0.00394524447619915,0.15000000596046448,0.30000001192092896,0.15000000596046448,0.0,0.0,1.0,0.0,-2.809101751211074e-08,-4.4982879643384877e-08,1.19674950838089e-07,7.618218660354614e-07,-6.078742558202066e-07,-2.561137080192566e-08,0.040765680372714996,3.133591413497925,0.012364017777144909
438,0.15059517323970795,0.29931071400642395,0.15091164410114288,0.003856009803712368,0.013007955625653267,0.999900221824646,0.00394524447619915,0.15000000596046448,0.30000001192092896,0.15000000596046448,0.0,0.0,1.0,0.0,-2.697342971202943e-08,-4.3865295396017245e-08,1.181848361397897e-07,7.603317726534442e-07,-6.07129209129198e-07,-2.263113962897023e-08,0.040765680372714996,3.133591413497925,0.012364017777144909
439,0.15059517323970795,0.29931071400642395,0.15091164410114288,0.003856009803712368,0.013007955625653267,0.999900221824646,0.00394524447619915,0.15000000596046448,0.30000001192092896,0.15000000596046448,0.0,0.0,1.0,0.0,-2.734596016296109e-08,-4.4982879643384877e-08,1.181848361397897e-07,7.618218660354614e-07,-6.063841624381894e-07,-2.263113962897023e-08,0.040765680372714996,3.133591413497925,0.012364017777144909
440,0.15059517323970795,0.29931071400642395,0.15091164410114288,0.003856009803712368,0.013007955625653267,0.999900221824646,0.00394524447619915,0.15000000596046448,0.30000001192092896,0.15000000596046448,0.0,0.0,1.0,0.0,-2.734596016296109e-08,-4.3865295396017245e-08,1.181848361397897e-07,7.610768193444528e-07,-6.086193025112152e-07,-2.263113962897023e-08,0.040765680372714996,3.133591413497925,0.012364017777144909
441,0.15059517323970795,0.29931071400642395,0.15091164410114288,0.003856009803712368,0.013007955625653267,0.999900221824646,0.00394524447619915,0.15000000596046448,0.30000001192092896,0.15000000596046448,0.0,0.0,1.0,0.0,-2.7532223612070084e-08,-4.349276494508558e-08,1.181848361397897e-07,7.610768193444528e-07,-6.07129209129198e-07,-2.4121254327269526e-08,0.040765680372714996,3.133591413497925,0.012364017777144909
442,0.15059517323970795,0.29931071400642395,0.15091164410114288,0.003856009803712368,0.013007955625653267,0.999900221824646,0.00394524447619915,0.15000000596046448,0.30000001192092896,0.15000000596046448,0.0,0.0,1.0,0.0,-2.7532223612070084e-08,-4.349276494508558e-08,1.181848361397897e-07,7.599592208862305e-07,-6.07129209129198e-07,-2.7101487276581793e-08,0.040765680372714996,3.133591413497925,0.012364017777144909
443,0.15059517323970795,0.29931071400642395,0.15091164410114288,0.003856009803712368,0.013007955625653267,0.999900221824646,0.00394524447619915,0.15000000596046448,0.30000001192092896,0.15000000596046448,0.0,0.0,1.0,0.0,-2.6600901037454605e-08,-4.2747707595935935e-08,1.1892989704165302e-07,7.607042675772391e-07,-6.063841624381894e-07,-2.1141023154314098e-08,0.040765680372714996,3.133591413497925,0.012364017777144909
444,0.15059517323970795,0.29931071400642395,0.15091164410114288,0.003856009803712368,0.013007955625653267,0.999900221824646,0.00394524447619915,0.15000000596046448,0.30000001192092896,0.15000000596046448,0.0,0.0,1.0,0.0,-2.7718488837535915e-08,-4.461035274516689e-08,1.19674950838089e-07,7.618218660354614e-07,-6.086193025112152e-07,-2.561137080192566e-08,0.040765680372714996,3.133591413497925,0.012364017777144909
445,0.15059517323970795,0.29931071400642395,0.15091164410114288,0.003856009803712368,0.013007955625653267,0.999900221824646,0.00394524447619915,0.15000000596046448,0.30000001192092896,0.15000000596046448,0.0,0.0,1.0,0.0,-2.715969493749526e-08,-4.3865295396017245e-08,1.1445954584132778e-07,7.584691275042132e-07,-6.048940122127533e-07,-2.4121254327269526e-08,0.040765680372714996,3.133591413497925,0.012364017777144909
446,0.15059517323970795,0.29931071400642395,0.15091164410114288,0.003856009803712368,0.013007955625653267,0.999900221824646,0.00394524447619915,0.15000000596046448,0.30000001192092896,0.15000000596046448,0.0,0.0,1.0,0.0,-2.697342971202943e-08,-4.4982879643384877e-08,1.166947214414904e-07,7.610768193444528e-07,-6.078742558202066e-07,-2.561137080192566e-08,0.040765680372714996,3.133591413497925,0.012364017777144909
447,0.15059517323970795,0.29931071400642395,0.15091164410114288,0.003856009803712368,0.013007955625653267,0.999900221824646,0.00394524447619915,0.15000000596046448,0.30000001192092896,0.15000000596046448,0.0,0.0,1.0,0.0,-2.715969493749526e-08,-4.4982879643384877e-08,1.181848361397897e-07,7.607042675772391e-07,-6.063841624381894e-07,-2.561137080192566e-08,0.040765680372714996,3.133591413497925,0.012364017777144909
448,0.15059517323970795,0.29931071400642395,0.15091164410114288,0.003856009803712368,0.013007955625653267,0.999900221824646,0.00394524447619915,0.15000000596046448,0.30000001192092896,0.15000000596046448,0.0,0.0,1.0,0.0,-2.7532223612070084e-08,-4.4982879643384877e-08,1.181848361397897e-07,7.599592208862305e-07,-6.07129209129198e-07,-2.8591603751237926e-08,0.040765680372714996,3.133591413497925,0.012364017777144909
449,0.15059517323970795,0.29931071400642395,0.15091164410114288,0.003856009803712368,0.013007955625653267,0.999900221824646,0.00394524447619915,0.15000000596046448,0.30000001192092896,0.15000000596046448,0.0,0.0,1.0,0.0,-2.6600901037454605e-08,-4.3865295396017245e-08,1.1594966053962708e-07,7.584691275042132e-07,-6.048940122127533e-07,-2.263113962897023e-08,0.040765680372714996,3.133591413497925,0.012364017777144909
450,0.15059517323970795,0.29931071400642395,0.15091164410114288,0.003856009803712368,0.013007955625653267,0.999900221824646,0.00394524447619915,0.15000000596046448,0.30000001192092896,0.15000000596046448,0.0,0.0,1.0,0.0,-2.715969493749526e-08,-4.461035274516689e-08,1.181848361397897e-07,7.64429557875701e-07,-6.063841624381894e-07,-2.561137080192566e-08,0.040765680372714996,3.133591413497925,0.012364017777144909
451,0.15059517323970795,0.29931071400642395,0.15091164410114288,0.003856009803712368,0.013007955625653267,0.999900221824646,0.00394524447619915,0.15000000596046448,0.30000001192092896,0.15000000596046448,0.0,0.0,1.0,0.0,-2.6787166262920437e-08,-4.3865295396017245e-08,1.2116507264181564e-07,7.595867259624356e-07,-6.07129209129198e-07,-2.263113962897023e-08,0.040765680372714996,3.133591413497925,0.012364017777144909
452,0.15059517323970795,0.29931071400642395,0.15091164410114288,0.003856009803712368,0.013007955625653267,0.999900221824646,0.00394524447619915,0.15000000596046448,0.30000001192092896,0.15000000596046448,0.0,0.0,1.0,0.0,-2.715969493749526e-08,-4.4982879643384877e-08,1.181848361397897e-07,7.614493711116666e-07,-6.078742558202066e-07,-2.263113962897023e-08,0.040765680372714996,3.133591413497925,0.012364017777144909
453,0.15059517323970795,0.29931071400642395,0.15091164410114288,0.003856009803712368,0.013007955625653267,0.999900221824646,0.00394524447619915,0.15000000596046448,0.30000001192092896,0.15000000596046448,0.0,0.0,1.0,0.0,-2.7532223612070084e-08,-4.4982879643384877e-08,1.181848361397897e-07,7.607042675772391e-07,-6.078742558202066e-07,-2.561137080192566e-08,0.040765680372714996,3.133591413497925,0.012364017777144909
454,0.15059517323970795,0.29931071400642395,0.15091164410114288,0.003856009803712368,0.013007955625653267,0.999900221824646,0.00394524447619915,0.15000000596046448,0.30000001192092896,0.15000000596046448,0.0,0.0,1.0,0.0,-2.7904752286644907e-08,-4.349276494508558e-08,1.166947214414904e-07,7.592141741952219e-07,-6.056390589037619e-07,-2.7101487276581793e-08,0.040765680372714996,3.133591413497925,0.012364017777144909
455,0.15059517323970795,0.29931071400642395,0.15091164410114288,0.003856009803712368,0.013007955625653267,0.999900221824646,0.00394524447619915,0.15000000596046448,0.30000001192092896,0.15000000596046448,0.0,0.0,1.0,0.0,-2.697342971202943e-08,-4.2747707595935935e-08,1.1892989704165302e-07,7.6256691272647e-07,-6.063841624381894e-07,-2.4121254327269526e-08,0.040765680372714996,3.133591413497925,0.012364017777144909
456,0.15059517323970795,0.29931071400642395,0.15091164410114288,0.003856009803712368,0.013007955625653267,0.999900221824646,0.00394524447619915,0.15000000596046448,0.30000001192092896,0.15000000596046448,0.0,0.0,1.0,0.0,-2.734596016296109e-08,-4.4982879643384877e-08,1.19674950838089e-07,7.640570629519061e-07,-6.078742558202066e-07,-2.263113962897023e-08,0.040765680372714996,3.133591413497925,0.012364017777144909
457,0.15059517323970795,0.29931071400642395,0.15091164410114288,0.003856009803712368,0.013007955625653267,0.999900221824646,0.00394524447619915,0.15000000596046448,0.30000001192092896,0.15000000596046448,0.0,0.0,1.0,0.0,-2.6787166262920437e-08,-4.3865295396017245e-08,1.19674950838089e-07,7.610768193444528e-07,-6.07129209129198e-07,-2.1141023154314098e-08,0.040765680372714996,3.133591413497925,0.012364017777144909
458,0.15059517323970795,0.29931071400642395,0.15091164410114288,0.003856009803712368,0.013007955625653267,0.999900221824646,0.00394524447619915,0.15000000596046448,0.30000001192092896,0.15000000596046448,0.0,0.0,1.0,0.0,-2.809101751211074e-08,-4.4982879643384877e-08,1.19674950838089e-07,7.618218660354614e-07,-6.078742558202066e-07,-2.561137080192566e-08,0.040765680372714996,3.133591413497925,0.012364017777144909
459,0.15059517323970795,0.29931071400642395,0.15091164410114288,0.003856009803712368,0.013007955625653267,0.999900221824646,0.00394524447619915,0.15000000596046448,0.30000001192092896,0.15000000596046448,0.0,0.0,1.0,0.0,-2.697342971202943e-08,-4.3865295396017245e-08,1.181848361397897e-07,7.603317726534442e-07,-6.07129209129198e-07,-2.263113962897023e-08,0.040765680372714996,3.133591413497925,0.012364017777144909
460,0.15059517323970795,0.29931071400642395,0.15091164410114288,0.003856009803712368,0.013007955625653267,0.999900221824646,0.00394524447619915,0.15000000596046448,0.30000001192092896,0.15000000596046448,0.0,0.0,1.0,0.0,-2.734596016296109e-08,-4.4982879643384877e-08,1.181848361397897e-07,7.618218660354614e-07,-6.063841624381894e-07,-2.263113962897023e-08,0.040765680372714996,3.133591413497925,0.012364017777144909
461,0.15059517323970795,0.29931071400642395,0.15091164410114288,0.003856009803712368,0.013007955625653267,0.999900221824646,0.00394524447619915,0.15000000596046448,0.30000001192092896,0.15000000596046448,0.0,0.0,1.0,0.0,-2.734596016296109e-08,-4.3865295396017245e-08,1.181848361397897e-07,7.610768193444528e-07,-6.086193025112152e-07,-2.263113962897023e-08,0.040765680372714996,3.133591413497925,0.012364017777144909
462,0.15059517323970795,0.29931071400642395,0.15091164410114288,0.003856009803712368,0.013007955625653267,0.999900221824646,0.00394524447619915,0.15000000596046448,0.30000001192092896,0.15000000596046448,0.0,0.0,1.0,0.0,-2.7532223612070084e-08,-4.349276494508558e-08,1.181848361397897e-07,7.610768193444528e-07,-6.07129209129198e-07,-2.4121254327269526e-08,0.040765680372714996,3.133591413497925,0.012364017777144909
463,0.15059517323970795,0.29931071400642395,0.15091164410114288,0.003856009803712368,0.013007955625653267,0.999900221824646,0.00394524447619915,0.15000000596046448,0.30000001192092896,0.15000000596046448,0.0,0.0,1.0,0.0,-2.7532223612070084e-08,-4.349276494508558e-08,1.181848361397897e-07,7.599592208862305e-07,-6.07129209129198e-07,-2.7101487276581793e-08,0.040765680372714996,3.133591413497925,0.012364017777144909
464,0.15059517323970795,0.29931071400642395,0.15091164410114288,0.003856009803712368,0.013007955625653267,0.999900221824646,0.00394524447619915,0.15000000596046448,0.30000001192092896,0.15000000596046448,0.0,0.0,1.0,0.0,-2.6600901037454605e-08,-4.2747707595935935e-08,1.1892989704165302e-07,7.607042675772391e-07,-6.063841624381894e-07,-2.1141023154314098e-08,0.040765680372714996,3.133591413497925,0.012364017777144909
465,0.15059517323970795,0.29931071400642395,0.15091164410114288,0.003856009803712368,0.013007955625653267,0.999900221824646,0.00394524447619915,0.15000000596046448,0.30000001192092896,0.15000000596046448,0.0,0.0,1.0,0.0,-2.7718488837535915e-08,-4.461035274516689e-08,1.19674950838089e-07,7.618218660354614e-07,-6.086193025112152e-07,-2.561137080192566e-08,0.040765680372714996,3.133591413497925,0.012364017777144909
466,0.15059517323970795,0.29931071400642395,0.15091164410114288,0.003856009803712368,0.013007955625653267,0.999900221824646,0.00394524447619915,0.15000000596046448,0.30000001192092896,0.15000000596046448,0.0,0.0,1.0,0.0,-2.715969493749526e-08,-4.3865295396017245e-08,1.1445954584132778e-07,7.584691275042132e-07,-6.048940122127533e-07,-2.4121254327269526e-08,0.040765680372714996,3.133591413497925,0.012364017777144909
467,0.15059517323970795,0.29931071400642395,0.15091164410114288,0.003856009803712368,0.013007955625653267,0.999900221824646,0.00394524447619915,0.15000000596046448,0.30000001192092896,0.15000000596046448,0.0,0.0,1.0,0.0,-2.697342971202943e-08,-4.4982879643384877e-08,1.166947214414904e-07,7.610768193444528e-07,-6.078742558202066e-07,-2.561137080192566e-08,0.040765680372714996,3.133591413497925,0.012364017777144909
468,0.15059517323970795,0.29931071400642395,0.15091164410114288,0.003856009803712368,0.013007955625653267,0.999900221824646,0.00394524447619915,0.15000000596046448,0.30000001192092896,0.15000000596046448,0.0,0.0,1.0,0.0,-2.715969493749526e-08,-4.4982879643384877e-08,1.181848361397897e-07,7.607042675772391e-07,-6.063841624381894e-07,-2.561137080192566e-08,0.040765680372714996,3.133591413497925,0.012364017777144909
469,0.15059517323970795,0.29931071400642395,0.15091164410114288,0.003856009803712368,0.013007955625653267,0.999900221824646,0.00394524447619915,0.15000000596046448,0.30000001192092896,0.15000000596046448,0.0,0.0,1.0,0.0,-2.7532223612070084e-08,-4.4982879643384877e-08,1.181848361397897e-07,7.599592208862305e-07,-6.07129209129198e-07,-2.8591603751237926e-08,0.040765680372714996,3.133591413497925,0.012364017777144909
470,0.15059517323970795,0.29931071400642395,0.15091164410114288,0.003856009803712368,0.013007955625653267,0.999900221824646,0.00394524447619915,0.15000000596046448,0.30000001192092896,0.15000000596046448,0.0,0.0,1.0,0.0,-2.6600901037454605e-08,-4.3865295396017245e-08,1.1594966053962708e-07,7.584691275042132e-07,-6.048940122127533e-07,-2.263113962897023e-08,0.040765680372714996,3.133591413497925,0.012364017777144909
471,0.15059517323970795,0.29931071400642395,0.15091164410114288,0.003856009803712368,0.013007955625653267,0.999900221824646,0.00394524447619915,0.15000000596046448,0.30000001192092896,0.15000000596046448,0.0,0.0,1.0,0.0,-2.715969493749526e-08,-4.461035274516689e-08,1.181848361397897e-07,7.64429557875701e-07,-6.063841624381894e-07,-2.561137080192566e-08,0.040765680372714996,3.133591413497925,0.012364017777144909
472,0.15059517323970795,0.29931071400642395,0.15091164410114288,0.003856009803712368,0.013007955625653267,0.999900221824646,0.00394524447619915,0.15000000596046448,0.30000001192092896,0.15000000596046448,0.0,0.0,1.0,0.0,-2.6787166262920437e-08,-4.3865295396017245e-08,1.2116507264181564e-07,7.595867259624356e-07,-6.07129209129198e-07,-2.263113962897023e-08,0.040765680372714996,3.133591413497925,0.012364017777144909
473,0.15059517323970795,0.29931071400642395,0.15091164410114288,0.003856009803712368,0.013007955625653267,0.999900221824646,0.00394524447619915,0.15000000596046448,0.30000001192092896,0.15000000596046448,0.0,0.0,1.0,0.0,-2.715969493749526e-08,-4.4982879643384877e-08,1.181848361397897e-07,7.614493711116666e-07,-6.078742558202066e-07,-2.263113962897023e-08,0.040765680372714996,3.133591413497925,0.012364017777144909
474,0.15059517323970795,0.29931071400642395,0.15091164410114288,0.003856009803712368,0.013007955625653267,0.999900221824646,0.00394524447619915,0.15000000596046448,0.30000001192092896,0.15000000596046448,0.0,0.0,1.0,0.0,-2.7532223612070084e-08,-4.4982879643384877e-08,1.181848361397897e-07,7.607042675772391e-07,-6.078742558202066e-07,-2.561137080192566e-08,0.040765680372714996,3.133591413497925,0.012364017777144909
475,0.15059517323970795,0.29931071400642395,0.15091164410114288,0.003856009803712368,0.013007955625653267,0.999900221824646,0.00394524447619915,0.15000000596046448,0.30000001192092896,0.15000000596046448,0.0,0.0,1.0,0.0,-2.7904752286644907e-08,-4.349276494508558e-08,1.166947214414904e-07,7.592141741952219e-07,-6.056390589037619e-07,-2.7101487276581793e-08,0.040765680372714996,3.133591413497925,0.012364017777144909
476,0.15059517323970795,0.29931071400642395,0.15091164410114288,0.003856009803712368,0.013007955625653267,0.999900221824646,0.00394524447619915,0.15000000596046448,0.30000001192092896,0.15000000596046448,0.0,0.0,1.0,0.0,-2.697342971202943e-08,-4.2747707595935935e-08,1.1892989704165302e-07,7.6256691272647e-07,-6.063841624381894e-07,-2.4121254327269526e-08,0.040765680372714996,3.133591413497925,0.012364017777144909
477,0.15059517323970795,0.29931071400642395,0.15091164410114288,0.003856009803712368,0.013007955625653267,0.999900221824646,0.00394524447619915,0.15000000596046448,0.30000001192092896,0.15000000596046448,0.0,0.0,1.0,0.0,-2.734596016296109e-08,-4.4982879643384877e-08,1.19674950838089e-07,7.640570629519061e-07,-6.078742558202066e-07,-2.263113962897023e-08,0.040765680372714996,3.133591413497925,0.012364017777144909
478,0.15059517323970795,0.29931071400642395,0.15091164410114288,0.003856009803712368,0.013007955625653267,0.999900221824646,0.00394524447619915,0.15000000596046448,0.30000001192092896,0.15000000596046448,0.0,0.0,1.0,0.0,-2.6787166262920437e-08,-4.3865295396017245e-08,1.19674950838089e-07,7.610768193444528e-07,-6.07129209129198e-07,-2.1141023154314098e-08,0.040765680372714996,3.133591413497925,0.012364017777144909
479,0.15059517323970795,0.29931071400642395,0.15091164410114288,0.003856009803712368,0.013007955625653267,0.999900221824646,0.00394524447619915,0.15000000596046448,0.30000001192092896,0.15000000596046448,0.0,0.0,1.0,0.0,-2.809101751211074e-08,-4.4982879643384877e-08,1.19674950838089e-07,7.618218660354614e-07,-6.078742558202066e-07,-2.561137080192566e-08,0.040765680372714996,3.133591413497925,0.012364017777144909
480,0.15059517323970795,0.29931071400642395,0.15091164410114288,0.003856009803712368,0.013007955625653267,0.999900221824646,0.00394524447619915,0.15000000596046448,0.30000001192092896,0.15000000596046448,0.0,0.0,1.0,0.0,-2.697342971202943e-08,-4.3865295396017245e-08,1.181848361397897e-07,7.603317726534442e-07,-6.07129209129198e-07,-2.263113962897023e-08,0.040765680372714996,3.133591413497925,0.012364017777144909
481,0.15059517323970795,0.29931071400642395,0.15091164410114288,0.003856009803712368,0.013007955625653267,0.999900221824646,0.00394524447619915,0.15000000596046448,0.30000001192092896,0.15000000596046448,0.0,0.0,1.0,0.0,-2.734596016296109e-08,-4.4982879643384877e-08,1.181848361397897e-07,7.618218660354614e-07,-6.063841624381894e-07,-2.263113962897023e-08,0.040765680372714996,3.133591413497925,0.012364017777144909
482,0.15059517323970795,0.29931071400642395,0.15091164410114288,0.003856009803712368,0.013007955625653267,0.999900221824646,0.00394524447619915,0.15000000596046448,0.30000001192092896,0.15000000596046448,0.0,0.0,1.0,0.0,-2.734596016296109e-08,-4.3865295396017245e-08,1.181848361397897e-07,7.610768193444528e-07,-6.086193025112152e-07,-2.263113962897023e-08,0.040765680372714996,3.133591413497925,0.012364017777144909
483,0.15059517323970795,0.29931071400642395,0.15091164410114288,0.003856009803712368,0.013007955625653267,0.999900221824646,0.00394524447619915,0.15000000596046448,0.30000001192092896,0.15000000596046448,0.0,0.0,1.0,0.0,-2.7532223612070084e-08,-4.349276494508558e-08,1.181848361397897e-07,7.610768193444528e-07,-6.07129209129198e-07,-2.4121254327269526e-08,0.040765680372714996,3.133591413497925,0.012364017777144909
484,0.15059517323970795,0.29931071400642395,0.15091164410114288,0.003856009803712368,0.013007955625653267,0.999900221824646,0.00394524447619915,0.15000000596046448,0.30000001192092896,0.15000000596046448,0.0,0.0,1.0,0.0,-2.7532223612070084e-08,-4.349276494508558e-08,1.181848361397897e-07,7.599592208862305e-07,-6.07129209129198e-07,-2.7101487276581793e-08,0.040765680372714996,3.133591413497925,0.012364017777144909
485,0.15059517323970795,0.29931071400642395,0.15091164410114288,0.003856009803712368,0.013007955625653267,0.999900221824646,0.00394524447619915,0.15000000596046448,0.30000001192092896,0.15000000596046448,0.0,0.0,1.0,0.0,-2.6600901037454605e-08,-4.2747707595935935e-08,1.1892989704165302e-07,7.607042675772391e-07,-6.063841624381894e-07,-2.1141023154314098e-08,0.040765680372714996,3.133591413497925,0.012364017777144909
486,0.15059517323970795,0.29931071400642395,0.15091164410114288,0.003856009803712368,0.013007955625653267,0.999900221824646,0.00394524447619915,0.15000000596046448,0.30000001192092896,0.15000000596046448,0.0,0.0,1.0,0.0,-2.7718488837535915e-08,-4.461035274516689e-08,1.19674950838089e-07,7.618218660354614e-07,-6.086193025112152e-07,-2.561137080192566e-08,0.040765680372714996,3.133591413497925,0.012364017777144909
487,0.15059517323970795,0.29931071400642395,0.15091164410114288,0.003856009803712368,0.013007955625653267,0.999900221824646,0.00394524447619915,0.15000000596046448,0.30000001192092896,0.15000000596046448,0.0,0.0,1.0,0.0,-2.715969493749526e-08,-4.3865295396017245e-08,1.1445954584132778e-07,7.584691275042132e-07,-6.048940122127533e-07,-2.4121254327269526e-08,0.040765680372714996,3.133591413497925,0.012364017777144909
488,0.15059517323970795,0.29931071400642395,0.15091164410114288,0.003856009803712368,0.013007955625653267,0.999900221824646,0.00394524447619915,0.15000000596046448,0.30000001192092896,0.15000000596046448,0.0,0.0,1.0,0.0,-2.697342971202943e-08,-4.4982879643384877e-08,1.166947214414904e-07,7.610768193444528e-07,-6.078742558202066e-07,-2.561137080192566e-08,0.040765680372714996,3.133591413497925,0.012364017777144909
489,0.15059517323970795,0.29931071400642395,0.15091164410114288,0.003856009803712368,0.013007955625653267,0.999900221824646,0.00394524447619915,0.15000000596046448,0.30000001192092896,0.15000000596046448,0.0,0.0,1.0,0.0,-2.715969493749526e-08,-4.4982879643384877e-08,1.181848361397897e-07,7.607042675772391e-07,-6.063841624381894e-07,-2.561137080192566e-08,0.040765680372714996,3.133591413497925,0.012364017777144909
490,0.15059517323970795,0.29931071400642395,0.15091164410114288,0.003856009803712368,0.013007955625653267,0.999900221824646,0.00394524447619915,0.15000000596046448,0.30000001192092896,0.15000000596046448,0.0,0.0,1.0,0.0,-2.7532223612070084e-08,-4.4982879643384877e-08,1.181848361397897e-07,7.599592208862305e-07,-6.07129209129198e-07,-2.8591603751237926e-08,0.040765680372714996,3.133591413497925,0.012364017777144909
491,0.15059517323970795,0.29931071400642395,0.15091164410114288,0.003856009803712368,0.013007955625653267,0.999900221824646,0.00394524447619915,0.15000000596046448,0.30000001192092896,0.15000000596046448,0.0,0.0,1.0,0.0,-2.6600901037454605e-08,-4.3865295396017245e-08,1.1594966053962708e-07,7.584691275042132e-07,-6.048940122127533e-07,-2.263113962897023e-08,0.040765680372714996,3.133591413497925,0.012364017777144909
492,0.15059517323970795,0.29931071400642395,0.15091164410114288,0.003856009803712368,0.013007955625653267,0.999900221824646,0.00394524447619915,0.15000000596046448,0.30000001192092896,0.15000000596046448,0.0,0.0,1.0,0.0,-2.715969493749526e-08,-4.461035274516689e-08,1.181848361397897e-07,7.64429557875701e-07,-6.063841624381894e-07,-2.561137080192566e-08,0.040765680372714996,3.133591413497925,0.012364017777144909
493,0.15059517323970795,0.29931071400642395,0.15091164410114288,0.003856009803712368,0.013007955625653267,0.999900221824646,0.00394524447619915,0.15000000596046448,0.30000001192092896,0.15000000596046448,0.0,0.0,1.0,0.0,-2.6787166262920437e-08,-4.3865295396017245e-08,1.2116507264181564e-07,7.595867259624356e-07,-6.07129209129198e-07,-2.263113962897023e-08,0.040765680372714996,3.133591413497925,0.012364017777144909
494,0.15059517323970795,0.29931071400642395,0.15091164410114288,0.003856009803712368,0.013007955625653267,0.999900221824646,0.00394524447619915,0.15000000596046448,0.30000001192092896,0.15000000596046448,0.0,0.0,1.0,0.0,-2.715969493749526e-08,-4.4982879643384877e-08,1.181848361397897e-07,7.614493711116666e-07,-6.078742558202066e-07,-2.263113962897023e-08,0.040765680372714996,3.133591413497925,0.012364017777144909
495,0.15059517323970795,0.29931071400642395,0.15091164410114288,0.003856009803712368,0.013007955625653267,0.999900221824646,0.00394524447619915,0.15000000596046448,0.30000001192092896,0.15000000596046448,0.0,0.0,1.0,0.0,-2.7532223612070084e-08,-4.4982879643384877e-08,1.181848361397897e-07,7.607042675772391e-07,-6.078742558202066e-07,-2.561137080192566e-08,0.040765680372714996,3.133591413497925,0.012364017777144909
496,0.15059517323970795,0.29931071400642395,0.15091164410114288,0.003856009803712368,0.013007955625653267,0.999900221824646,0.00394524447619915,0.15000000596046448,0.30000001192092896,0.15000000596046448,0.0,0.0,1.0,0.0,-2.7904752286644907e-08,-4.349276494508558e-08,1.166947214414904e-07,7.592141741952219e-07,-6.056390589037619e-07,-2.7101487276581793e-08,0.040765680372714996,3.133591413497925,0.012364017777144909
497,0.15059517323970795,0.29931071400642395,0.15091164410114288,0.003856009803712368,0.013007955625653267,0.999900221824646,0.00394524447619915,0.15000000596046448,0.30000001192092896,0.15000000596046448,0.0,0.0,1.0,0.0,-2.697342971202943e-08,-4.2747707595935935e-08,1.1892989704165302e-07,7.6256691272647e-07,-6.063841624381894e-07,-2.4121254327269526e-08,0.040765680372714996,3.133591413497925,0.012364017777144909
498,0.15059517323970795,0.29931071400642395,0.15091164410114288,0.003856009803712368,0.013007955625653267,0.999900221824646,0.00394524447619915,0.15000000596046448,0.30000001192092896,0.15000000596046448,0.0,0.0,1.0,0.0,-2.734596016296109e-08,-4.4982879643384877e-08,1.19674950838089e-07,7.640570629519061e-07,-6.078742558202066e-07,-2.263113962897023e-08,0.040765680372714996,3.133591413497925,0.012364017777144909
499,0.15059517323970795,0.29931071400642395,0.15091164410114288,0.003856009803712368,0.013007955625653267,0.999900221824646,0.00394524447619915,0.15000000596046448,0.30000001192092896,0.15000000596046448,0.0,0.0,1.0,0.0,-2.6787166262920437e-08,-4.3865295396017245e-08,1.19674950838089e-07,7.610768193444528e-07,-6.07129209129198e-07,-2.1141023154314098e-08,0.040765680372714996,3.133591413497925,0.012364017777144909
500,0.15059517323970795,0.29931071400642395,0.15091164410114288,0.003856009803712368,0.013007955625653267,0.999900221824646,0.00394524447619915,0.15000000596046448,0.30000001192092896,0.15000000596046448,0.0,0.0,1.0,0.0,-2.809101751211074e-08,-4.4982879643384877e-08,1.19674950838089e-07,7.618218660354614e-07,-6.078742558202066e-07,-2.561137080192566e-08,0.040765680372714996,3.133591413497925,0.012364017777144909
501,0.15059517323970795,0.29931071400642395,0.15091164410114288,0.003856009803712368,0.013007955625653267,0.999900221824646,0.00394524447619915,0.15000000596046448,0.30000001192092896,0.15000000596046448,0.0,0.0,1.0,0.0,-2.697342971202943e-08,-4.3865295396017245e-08,1.181848361397897e-07,7.603317726534442e-07,-6.07129209129198e-07,-2.263113962897023e-08,0.040765680372714996,3.133591413497925,0.012364017777144909
502,0.15059517323970795,0.29931071400642395,0.15091164410114288,0.003856009803712368,0.013007955625653267,0.999900221824646,0.00394524447619915,0.15000000596046448,0.30000001192092896,0.15000000596046448,0.0,0.0,1.0,0.0,-2.734596016296109e-08,-4.4982879643384877e-08,1.181848361397897e-07,7.618218660354614e-07,-6.063841624381894e-07,-2.263113962897023e-08,0.040765680372714996,3.133591413497925,0.012364017777144909
503,0.15059517323970795,0.29931071400642395,0.15091164410114288,0.003856009803712368,0.013007955625653267,0.999900221824646,0.00394524447619915,0.15000000596046448,0.30000001192092896,0.15000000596046448,0.0,0.0,1.0,0.0,-2.734596016296109e-08,-4.3865295396017245e-08,1.181848361397897e-07,7.610768193444528e-07,-6.086193025112152e-07,-2.263113962897023e-08,0.040765680372714996,3.133591413497925,0.012364017777144909
504,0.15059517323970795,0.29931071400642395,0.15091164410114288,0.003856009803712368,0.013007955625653267,0.999900221824646,0.00394524447619915,-0.10000000149011612,0.5,0.4000000059604645,0.0,0.0,1.0,0.0,-2.7532223612070084e-08,-4.349276494508558e-08,1.181848361397897e-07,7.610768193444528e-07,-6.07129209129198e-07,-2.4121254327269526e-08,0.040765680372714996,3.133591413497925,0.012364017777144909
505,0.09805146604776382,0.3365963101387024,0.19852054119110107,0.0011866844724863768,0.00465471763163805,0.9999505877494812,0.008704674430191517,-0.10000000149011612,0.5,0.4000000059604645,0.0,0.0,1.0,0.0,-0.05254364013671875,0.03728553652763367,0.04760883376002312,0.009522627107799053,0.0051489355973899364,0.016764124855399132,0.014612248167395592,3.139066457748413,0.027325797826051712
506,0.055049680173397064,0.3678336441516876,0.238548144698143,0.0015750679885968566,-0.0017231511883437634,0.9999184608459473,0.01255676057189703,-0.10000000149011612,0.5,0.4000000059604645,0.0,0.0,1.0,0.0,-0.043001797050237656,0.031237322837114334,0.04002762585878372,0.007685677148401737,-0.0009234845056198537,0.012757315300405025,-0.005408026743680239,3.138190507888794,0.03940873593091965
507,0.02105788141489029,0.3932344317436218,0.27109089493751526,0.0038377707824110985,-0.00620026420801878,0.9998576045036316,0.015222612768411636,-0.10000000149011612,0.5,0.4000000059604645,0.0,0.0,1.0,0.0,-0.03399175405502319,0.02540075220167637,0.03254271298646927,0.005326489452272654,-0.0046286010183393955,0.008905306458473206,-0.019431225955486298,3.133493661880493,0.04770670831203461
508,-0.005592280998826027,0.4137767553329468,0.2973285913467407,0.00708688935264945,-0.009130370803177357,0.9997987151145935,0.01640154793858528,-0.10000000149011612,0.5,0.4000000059604645,0.0,0.0,1.0,0.0,-0.026650164276361465,0.020542331039905548,0.02623768150806427,0.0023771331179887056,-0.0065727331675589085,0.00577025068923831,-0.028555208817124367,3.1268675327301025,0.05129579082131386
509,-0.026392824947834015,0.4303521513938904,0.3183790445327759,0.01051867101341486,-0.01085635181516409,0.9997567534446716,0.016059724614024162,-0.10000000149011612,0.5,0.4000000059604645,0.0,0.0,1.0,0.0,-0.020800592377781868,0.016575412824749947,0.021050527691841125,-0.0006439264980144799,-0.006925922818481922,0.0033346337731927633,-0.03387974202632904,3.1199684143066406,0.05011802911758423
510,-0.04258691519498825,0.44371694326400757,0.33521705865859985,0.013498091138899326,-0.011686389334499836,0.9997372627258301,0.014377240091562271,-0.10000000149011612,0.5,0.4000000059604645,0.0,0.0,1.0,0.0,-0.01619410328567028,0.013364776968955994,0.01683802716434002,-0.003316311165690422,-0.006020747125148773,0.00152901082765311,-0.036401696503162384,3.114060878753662,0.04478335753083229
511,-0.055177174508571625,0.45449283719062805,0.3486601710319519,0.015591184608638287,-0.011882452294230461,0.9997396469116211,0.011678456328809261,-0.10000000149011612,0.5,0.4000000059604645,0.0,0.0,1.0,0.0,-0.012590236961841583,0.010775851085782051,0.013443072326481342,-0.0053525883704423904,-0.004253524821251631,0.000258920801570639,-0.036963772028684616,3.1099772453308105,0.03632921725511551
512,-0.06495804339647293,0.4631830155849457,0.35937920212745667,0.016567980870604515,-0.011656219139695168,0.9997598528862,0.008363251574337482,-0.10000000149011612,0.5,0.4000000059604645,0.0,0.0,1.0,0.0,-0.009780915454030037,0.008690202608704567,0.010719086043536663,-0.006598961539566517,-0.0020256012212485075,-0.0005790087743662298,-0.036237820982933044,3.108135223388672,0.02600027620792389
513,-0.07255334407091141,0.47019246220588684,0.3679182827472687,0.01638239622116089,-0.011169821955263615,0.99979168176651,0.004845576360821724,-0.10000000149011612,0.5,0.4000000059604645,0.0,0.0,1.0,0.0,-0.007595336530357599,0.007009474094957113,0.008539095520973206,-0.007022466044872999,0.00029790561529807746,-0.0010867613600566983,-0.03472970426082611,3.108595848083496,0.015065993182361126
514,-0.0784502923488617,0.47584643959999084,0.3747153878211975,0.015140745788812637,-0.010539853014051914,0.9998286962509155,0.0015042239101603627,-0.10000000149011612,0.5,0.4000000059604645,0.0,0.0,1.0,0.0,-0.00589698925614357,0.005654029082506895,0.006797172129154205,-0.0066888644360005856,0.002415499184280634,-0.0013579475926235318,-0.03279650956392288,3.111133575439453,0.0046805161982774734
515,-0.08302876353263855,0.4804067611694336,0.3801223933696747,0.01305872481316328,-0.009843772277235985,0.9998653531074524,-0.0013537125196307898,-0.10000000149011612,0.5,0.4000000059604645,0.0,0.0,1.0,0.0,-0.004578320309519768,0.004560175817459822,0.005406828131526709,-0.005737546365708113,0.004106125328689814,-0.001472954754717648,-0.030670663341879845,3.1153202056884766,-0.004217384848743677
516,-0.08658386021852493,0.48408377170562744,0.3844204545021057,0.010418898425996304,-0.00912757683545351,0.9998978972434998,-0.003513639559969306,-0.10000000149011612,0.5,0.4000000059604645,0.0,0.0,1.0,0.0,-0.0035550647880882025,0.003676977474242449,0.0042980327270925045,-0.004352404735982418,0.0052352771162986755,-0.0014963942812755704,-0.02848648466169834,3.120605230331421,-0.010965720750391483
517,-0.08934541046619415,0.48704755306243896,0.38783493638038635,0.007528070826083422,-0.008413692004978657,0.9999244809150696,-0.004862672183662653,-0.10000000149011612,0.5,0.4000000059604645,0.0,0.0,1.0,0.0,-0.0027615800499916077,0.0029638006817549467,0.0034145016688853502,-0.002735551679506898,0.005752332042902708,-0.0014765564119443297,-0.026306435465812683,3.1263887882232666,-0.015203823335468769
518,-0.09149212390184402,0.48943567276000977,0.3905460238456726,0.004679261241108179,-0.007708427030593157,0.9999448657035828,-0.0053855678997933865,-0.10000000149011612,0.5,0.4000000059604645,0.0,0.0,1.0,0.0,-0.002146575367078185,0.0023879592772573233,0.0027109074871987104,-0.0010827238438650966,0.005681117530912161,-0.001446231035515666,-0.024145033210515976,3.1320953369140625,-0.016868876293301582
519,-0.09316222369670868,0.4913589060306549,0.39269694685935974,0.002124979393556714,-0.007008749525994062,0.9999599456787109,-0.0051508317701518536,-0.10000000149011612,0.5,0.4000000059604645,0.0,0.0,1.0,0.0,-0.00167000328656286,0.0019231099868193269,0.002150818472728133,0.0004367595538496971,0.00510413059964776,-0.001424721209332347,-0.021989060565829277,3.137223720550537,-0.016159994527697563
520,-0.09446295350790024,0.49290698766708374,0.39440208673477173,5.503098145709373e-05,-0.006307424511760473,0.9999709129333496,-0.004291871562600136,-0.10000000149011612,0.5,0.4000000059604645,0.0,0.0,1.0,0.0,-0.0013007275993004441,0.0015480938600376248,0.0017051410395652056,0.001691938261501491,0.004144455771893263,-0.0014204266481101513,-0.01981465518474579,3.1413910388946533,-0.013482830487191677
521,-0.0954773873090744,0.4941527545452118,0.3957526385784149,-0.001412943471223116,-0.0055969152599573135,0.9999788999557495,-0.0029833531007170677,-0.10000000149011612,0.5,0.4000000059604645,0.0,0.0,1.0,0.0,-0.0010144606931135058,0.0012458061100915074,0.0013505880488082767,0.0025986761320382357,0.0029463425744324923,-0.0014335740124806762,0.01756737008690834,-3.1387035846710205,0.009363925084471703
522,-0.09626966714859009,0.4951551556587219,0.3968212306499481,-0.0022348901256918907,-0.0048720501363277435,0.999984622001648,-0.0014176374534144998,-0.10000000149011612,0.5,0.4000000059604645,0.0,0.0,1.0,0.0,-0.0007922750082798302,0.001002393546514213,0.0010686030145734549,0.003120132489129901,0.0016570076113566756,-0.0014590861974284053,0.01528426818549633,-3.13708233833313,0.0044473446905612946
523,-0.09688913077116013,0.4959617257118225,0.3976656198501587,-0.0024337307550013065,-0.004131634254008532,0.9999884963035583,0.00021619259496219456,-0.10000000149011612,0.5,0.4000000059604645,0.0,0.0,1.0,0.0,-0.0006195313762873411,0.0008066479931585491,0.0008444649283774197,0.003262798534706235,0.00041125426650978625,-0.0014888751320540905,0.01295959111303091,-3.1366984844207764,-0.0006788009195588529
524,-0.09737402945756912,0.4966111481189728,0.3983320891857147,-0.002087309490889311,-0.0033785738050937653,0.9999906420707703,0.00175083102658391,-0.10000000149011612,0.5,0.4000000059604645,0.0,0.0,1.0,0.0,-0.0004849580582231283,0.0006495154812000692,0.0006665621767751873,0.0030688762199133635,-0.0006796090747229755,-0.001513927010819316,0.010599730536341667,-3.137395143508911,-0.00549378851428628
525,-0.09775383770465851,0.49713462591171265,0.39885765314102173,-0.0013139998773112893,-0.0026198122650384903,0.9999911189079285,0.003052736399695277,-0.10000000149011612,0.5,0.4000000059604645,0.0,0.0,1.0,0.0,-0.00037986613460816443,0.000523580180015415,0.0005256605218164623,0.0026063278783112764,-0.0015354602364823222,-0.001525904517620802,0.00822311732918024,-3.138939619064331,-0.00958319939672947
526,-0.09805145859718323,0.4975574314594269,0.399272084236145,-0.00025387207278981805,-0.0018652506405487657,0.9999901652336121,0.004030564799904823,-0.10000000149011612,0.5,0.4000000059604645,0.0,0.0,1.0,0.0,-0.0002976085525006056,0.00042278048931621015,0.0004144069680478424,0.001959107583388686,-0.002110192319378257,-0.0015180710470303893,0.005859028082340956,-3.1410539150238037,-0.012660173699259758
527,-0.0982845351099968,0.49789950251579285,0.3995989263057709,0.0009456434636376798,-0.0011272436240687966,0.9999881982803345,0.0046363226138055325,-0.10000000149011612,0.5,0.4000000059604645,0.0,0.0,1.0,0.0,-0.00023309062817133963,0.00034210170269943774,0.0003268708533141762,0.0012157008750364184,-0.002390989800915122,-0.0014860796509310603,-0.0035390390548855066,3.139665365219116,0.01455680001527071
528,-0.0984669178724289,0.4981769919395447,0.39985716342926025,0.002146079670637846,-0.0004186159058008343,0.9999858140945435,0.004865061957389116,-0.10000000149011612,0.5,0.4000000059604645,0.0,0.0,1.0,0.0,-0.00018241755606140941,0.00027753441827371716,0.0002582934685051441,0.0004616329388227314,-0.0023944273125380278,-0.0014282705960795283,-0.001312799984589219,3.1372625827789307,0.015263333916664124
529,-0.09860950708389282,0.49840274453163147,0.4000619053840637,0.0032298071309924126,0.0002486879820935428,0.999983549118042,0.0047485437244176865,-0.10000000149011612,0.5,0.4000000059604645,0.0,0.0,1.0,0.0,-0.00014259718591347337,0.0002257409505546093,0.0002047521120402962,-0.00022925101802684367,-0.0021612064447253942,-0.0013456869637593627,0.0007797580328769982,3.1350977420806885,0.014887374825775623
530,-0.09872076660394669,0.4985867440700531,0.400224894285202,0.0041067046113312244,0.0008639768930152059,0.9999817609786987,0.004346932750195265,-0.10000000149011612,0.5,0.4000000059604645,0.0,0.0,1.0,0.0,-0.00011127960169687867,0.00018403204740025103,0.0001630139595363289,-0.000799862144049257,-0.0017484143609181046,-0.0012417766265571117,0.0027076457627117634,3.133347749710083,0.013620372861623764
531,-0.09880741685628891,0.49873700737953186,0.40035533905029297,0.004720507189631462,0.0014196751872077584,0.9999808669090271,0.0037392459344118834,-0.10000000149011612,0.5,0.4000000059604645,0.0,0.0,1.0,0.0,-8.667629299452528e-05,0.00015028817870188504,0.00013048099935986102,-0.001212141360156238,-0.0012222557561472058,-0.0011219638399779797,0.0044470857828855515,3.1321263313293457,0.01171154249459505
532,-0.0988747701048851,0.49885979294776917,0.4004603326320648,0.005048209801316261,0.0019112491281703115,0.9999809265136719,0.0030131496023386717,-0.10000000149011612,0.5,0.4000000059604645,0.0,0.0,1.0,0.0,-6.737556395819411e-05,0.00012282402894925326,0.00010501789074623957,-0.0014489848399534822,-0.0006500973249785602,-0.0009927692590281367,0.00598566047847271,3.1314761638641357,0.009434955194592476
533,-0.0989270955324173,0.4989601969718933,0.4005453586578369,0.0050980388186872005,0.0023382753133773804,0.9999817609786987,0.0022541319485753775,-0.10000000149011612,0.5,0.4000000059604645,0.0,0.0,1.0,0.0,-5.227770816418342e-05,0.00010032831050921232,8.494379289913923e-05,-0.0015124205965548754,-9.425124153494835e-05,-0.0008612307719886303,0.007320974953472614,3.131380081176758,0.00706097949296236
534,-0.09896759688854218,0.49904194474220276,0.40061429142951965,0.0049032531678676605,0.0027019723784178495,0.9999831318855286,0.0015415644738823175,-0.10000000149011612,0.5,0.4000000059604645,0.0,0.0,1.0,0.0,-4.050989082315937e-05,8.178213465726003e-05,6.89421794959344e-05,-0.0014207905624061823,0.00039424459100700915,-0.0007339018629863858,0.008462317287921906,3.1317708492279053,0.004827446304261684
535,-0.0989990085363388,0.49910837411880493,0.4006703495979309,0.004517496097832918,0.003007972612977028,0.999984860420227,0.0009367460152134299,-0.10000000149011612,0.5,0.4000000059604645,0.0,0.0,1.0,0.0,-3.1416082492796704e-05,6.645219400525093e-05,5.6052675063256174e-05,-0.0012048576027154922,0.0007760540465824306,-0.0006168740801513195,0.009422979317605495,3.132542371749878,0.002933935495093465
536,-0.09902343899011612,0.49916207790374756,0.40071582794189453,0.004004423972219229,0.0032635009847581387,0.9999865889549255,0.00048249494284391403,-0.10000000149011612,0.5,0.4000000059604645,0.0,0.0,1.0,0.0,-2.444029087200761e-05,5.3727162594441324e-05,4.551680831355043e-05,-0.0009035069379024208,0.001029738923534751,-0.0005143958260305226,0.010226871818304062,3.1335673332214355,0.0015113039407879114
537,-0.09904260188341141,0.4992053210735321,0.4007526636123657,0.003430435201153159,0.0034775538370013237,0.9999880790710449,0.00020039363880641758,-0.10000000149011612,0.5,0.4000000059604645,0.0,0.0,1.0,0.0,-1.9139017240377143e-05,4.317136699683033e-05,3.678845314425416e-05,-0.0005579434218816459,0.0011486278381198645,-0.00042922524153254926,0.01090036891400814,3.134711265563965,0.000629436515737325
538,-0.09905774146318436,0.4992397129535675,0.40078210830688477,0.0028610944282263517,0.0036583738401532173,0.9999892115592957,9.414085798198357e-05,-0.10000000149011612,0.5,0.4000000059604645,0.0,0.0,1.0,0.0,-1.5145319594012108e-05,3.4408738429192454e-05,2.9453356546582654e-05,-0.00020740907348226756,0.0011402801610529423,-0.00036230264231562614,0.011472509242594242,3.135849952697754,0.00029504348640330136
539,-0.09906990826129913,0.49926692247390747,0.40080538392066956,0.002349450020119548,0.003815254895016551,0.9999899864196777,0.0001479310740251094,-0.10000000149011612,0.5,0.4000000059604645,0.0,0.0,1.0,0.0,-1.2166390661150217e-05,2.720160409808159e-05,2.327756919839885e-05,0.00011224113404750824,0.0010232002241536975,-0.0003134104481432587,0.011968180537223816,3.136871099472046,0.0004640757979359478
540,-0.09907985478639603,0.49928826093673706,0.4008234441280365,0.001936629181727767,0.0039559719152748585,0.9999902844429016,0.0003335267829243094,-0.10000000149011612,0.5,0.4000000059604645,0.0,0.0,1.0,0.0,-9.949470950232353e-06,2.1329429728211835e-05,1.804949715733528e-05,0.00037512482958845794,0.00082421611296013,-0.0002805355179589242,0.012412910349667072,3.137694835662842,0.0010467126267030835
541,-0.09908813238143921,0.499304860830307,0.40083709359169006,0.0016487392131239176,0.00408704811707139,0.9999901056289673,0.0006138998433016241,-0.10000000149011612,0.5,0.4000000059604645,0.0,0.0,1.0,0.0,-8.282589078589808e-06,1.6589370716246776e-05,1.3646204024553299e-05,0.0005637958529405296,0.0005741179920732975,-0.0002610075462143868,0.012826592661440372,3.1382687091827393,0.0019270222401246428
542,-0.09909513592720032,0.4993177056312561,0.40084707736968994,0.001495197881013155,0.004213392734527588,0.9999895691871643,0.0009481386514380574,-0.10000000149011612,0.5,0.4000000059604645,0.0,0.0,1.0,0.0,-7.005746283539338e-06,1.2840423551097047e-05,9.9879689514637e-06,0.0006703105173073709,0.00030444422736763954,-0.000251466321060434,0.013224284164607525,3.138572931289673,0.0029760957695543766
543,-0.09910113364458084,0.4993276596069336,0.40085408091545105,0.0014719520695507526,0.004338338505476713,0.9999886751174927,0.0012965885689482093,-0.10000000149011612,0.5,0.4000000059604645,0.0,0.0,1.0,0.0,-5.9891144701396115e-06,9.93320736597525e-06,7.012952210061485e-06,0.0006963543710298836,4.3866133637493476e-05,-0.0002483847492840141,0.01361586432904005,3.1386165618896484,0.004067800007760525
544,-0.09910628944635391,0.4993354380130768,0.40085873007774353,0.0015630278503522277,0.00446318369358778,0.9999875426292419,0.0016228314489126205,-0.10000000149011612,0.5,0.4000000059604645,0.0,0.0,1.0,0.0,-5.1429146878945176e-06,7.742923116893508e-06,4.663038907892769e-06,0.000650568341370672,-0.00018405458831693977,-0.0002483639109414071,0.01400661375373602,3.1384317874908447,0.005090868566185236
545,-0.09911070019006729,0.49934157729148865,0.40086162090301514,0.0017430336447432637,0.004587701987475157,0.9999862313270569,0.0018974263221025467,-0.10000000149011612,0.5,0.4000000059604645,0.0,0.0,1.0,0.0,-4.404375886224443e-06,6.137695436336799e-06,2.891290932893753e-06,0.0005474163335748017,-0.000361545302439481,-0.0002485039585735649,0.014396303333342075,3.138068437576294,0.0059534646570682526
546,-0.09911444038152695,0.4993465840816498,0.40086326003074646,0.001981213456019759,0.0047107869759202,0.9999847412109375,0.002100876532495022,-0.10000000149011612,0.5,0.4000000059604645,0.0,0.0,1.0,0.0,-3.7377351418399485e-06,5.000923010811675e-06,1.644808776291029e-06,0.00040529557736590505,-0.000478202011436224,-0.0002464729477651417,0.014780888333916664,3.1375882625579834,0.006592026446014643
547,-0.09911756217479706,0.49935081601142883,0.4008640944957733,0.0022465726360678673,0.004830691963434219,0.9999833703041077,0.002223663032054901,-0.10000000149011612,0.5,0.4000000059604645,0.0,0.0,1.0,0.0,-3.1206407129502622e-06,4.221219569444656e-06,8.423812687397003e-07,0.0002437934308545664,-0.0005315928719937801,-0.00024069426581263542,0.01515478640794754,3.137054681777954,0.00697625195607543
548,-0.0991201102733612,0.4993545114994049,0.40086451172828674,0.0025091900024563074,0.004945286083966494,0.9999820590019226,0.002265141811221838,-0.10000000149011612,0.5,0.4000000059604645,0.0,0.0,1.0,0.0,-2.5501126401650254e-06,3.6898070447932696e-06,4.1248276261285355e-07,8.100513514364138e-05,-0.0005256130243651569,-0.00023038117797113955,0.015511620789766312,3.1365272998809814,0.007104913238435984
549,-0.09912213683128357,0.49935784935951233,0.40086477994918823,0.0027441505808383226,0.0050524016842246056,0.9999809861183167,0.002232534810900688,-0.10000000149011612,0.5,0.4000000059604645,0.0,0.0,1.0,0.0,-2.0246604890417075e-06,3.3264047942793695e-06,2.6794151608555694e-07,-6.698500510537997e-05,-0.00046936862054280937,-0.00021543531329371035,0.01584486849606037,3.136056423187256,0.007001505233347416
550,-0.09912369400262833,0.4993608891963959,0.4008651077747345,0.0029327389784157276,0.005150037817656994,0.9999802112579346,0.002139072632417083,-0.10000000149011612,0.5,0.4000000059604645,0.0,0.0,1.0,0.0,-1.556205120323284e-06,3.0498019896185724e-06,3.230757954497676e-07,-0.00018805210129357874,-0.00037530652480199933,-0.00019639461243059486,0.016148816794157028,3.135679006576538,0.006707942113280296
551,-0.09912484139204025,0.4993637204170227,0.4008656144142151,0.003061961382627487,0.0052363513968884945,0.9999796152114868,0.002002531196922064,-0.10000000149011612,0.5,0.4000000059604645,0.0,0.0,1.0,0.0,-1.1443743233030546e-06,2.8281472168600885e-06,5.003996079722128e-07,-0.000274346413789317,-0.00025768866180442274,-0.00017425595433451235,0.01641891337931156,3.1354188919067383,0.006278208922594786
552,-0.09912563860416412,0.49936631321907043,0.4008663296699524,0.003128837328404188,0.005310888402163982,0.9999793767929077,0.001841842196881771,-0.10000000149011612,0.5,0.4000000059604645,0.0,0.0,1.0,0.0,-7.969909461280622e-07,2.5845133677648846e-06,7.224269324979105e-07,-0.00032178740366362035,-0.00013181408576201648,-0.00015040067955851555,0.016651615500450134,3.1352856159210205,0.005774549208581448
553,-0.09912616014480591,0.4993686378002167,0.4008672833442688,0.0031350362114608288,0.005373328924179077,0.9999793171882629,0.0016760289436206222,-0.10000000149011612,0.5,0.4000000059604645,0.0,0.0,1.0,0.0,-5.211331881582737e-07,2.328399659745628e-06,9.422190601071634e-07,-0.0003319176030345261,-1.0496284630789887e-05,-0.00012616394087672234,0.016847549006342888,3.135272979736328,0.005253940355032682
554,-0.09912647306919098,0.4993706941604614,0.40086838603019714,0.0030885448213666677,0.005424326751381159,0.9999793767929077,0.0015215256717056036,-0.10000000149011612,0.5,0.4000000059604645,0.0,0.0,1.0,0.0,-3.164284976264753e-07,2.0419247448444366e-06,1.1046416830140515e-06,-0.0003086669312324375,9.482363384449854e-05,-0.00010295985703123733,0.017007838934659958,3.1353659629821777,0.004769874736666679
555,-0.0991266518831253,0.4993724226951599,0.40086957812309265,0.003001284087076783,0.005465003661811352,0.9999796748161316,0.0013914292212575674,-0.10000000149011612,0.5,0.4000000059604645,0.0,0.0,1.0,0.0,-1.8064166340536758e-07,1.7286278080064221e-06,1.1955388572459924e-06,-0.0002590278163552284,0.00017637173004914075,-8.189706568373367e-05,0.0171361044049263,3.135540246963501,0.004362910520285368
556,-0.09912674874067307,0.49937382340431213,0.40087077021598816,0.002886486006900668,0.005496896803379059,0.9999799132347107,0.001294637331739068,-0.10000000149011612,0.5,0.4000000059604645,0.0,0.0,1.0,0.0,-1.0054791488300907e-07,1.401919917043415e-06,1.1977739404755994e-06,-0.00019151456945110112,0.00022970596910454333,-6.384728476405144e-05,0.01723703369498253,3.1357688903808594,0.004060747101902962
557,-0.09912682324647903,0.4993748962879181,0.4008718729019165,0.0027592903934419155,0.005521656945347786,0.9999802112579346,0.001236331183463335,-0.10000000149011612,0.5,0.4000000059604645,0.0,0.0,1.0,0.0,-7.763738096855377e-08,1.0746531415861682e-06,1.11432746052742e-06,-0.00011464394629001617,0.00025343309971503913,-4.934696698910557e-05,0.017316104844212532,3.1360228061676025,0.00387792126275599
558,-0.0991269126534462,0.49937567114830017,0.4008728265762329,0.002635074546560645,0.005541055928915739,0.9999805092811584,0.0012169349938631058,-0.10000000149011612,0.5,0.4000000059604645,0.0,0.0,1.0,0.0,-8.844072141300785e-08,7.630325740137778e-07,9.682961490398156e-07,-3.738067971426062e-05,0.0002491043123882264,-3.866134284180589e-05,0.017378708347678185,3.136272668838501,0.0038166046142578125
559,-0.0991269126534462,0.49937567114830017,0.4008728265762329,0.0025244487915188074,0.00555704440921545,0.9999806880950928,0.001232223934493959,-0.10000000149011612,0.5,0.4000000059604645,0.0,0.0,1.0,0.0,-1.275562766522853e-07,4.750676509956975e-07,7.552094984930591e-07,3.194715827703476e-05,0.0002213508851127699,-3.168759940308519e-05,0.01743006706237793,3.136493444442749,0.0038650280330330133
560,-0.0991269126534462,0.49937567114830017,0.4008728265762329,0.002436115173622966,0.005571181420236826,0.9999807476997375,0.0012757711810991168,-0.10000000149011612,0.5,0.4000000059604645,0.0,0.0,1.0,0.0,-2.0932638733484055e-07,3.2922253012657166e-07,6.605870908060751e-07,8.841120143188164e-05,0.00017616013064980507,-2.7925056201638654e-05,0.0174754336476326,3.136669635772705,0.0040021659806370735
561,-0.0991269126534462,0.49937567114830017,0.4008728265762329,0.0023757952731102705,0.005584795027971268,0.9999807476997375,0.0013394479174166918,-0.10000000149011612,0.5,0.4000000059604645,0.0,0.0,1.0,0.0,-3.033899815818586e-07,1.8803403634137794e-07,5.197711629989499e-07,0.00012835934467148036,0.00012037763372063637,-2.6820880520972423e-05,0.01751875691115856,3.136789560317993,0.004202066455036402
562,-0.0991269126534462,0.49937567114830017,0.4008728265762329,0.002344562439247966,0.005598865449428558,0.9999805688858032,0.0014144671149551868,-0.10000000149011612,0.5,0.4000000059604645,0.0,0.0,1.0,0.0,-4.054629414440569e-07,6.547197983763908e-08,3.290362826646742e-07,0.00015003587759565562,6.091157047194429e-05,-2.7622561901807785e-05,0.017563018947839737,3.1368508338928223,0.004436413291841745
563,-0.0991269126534462,0.49937567114830017,0.4008728265762329,0.00234217825345695,0.005613942630589008,0.9999803900718689,0.0014921529218554497,-0.10000000149011612,0.5,0.4000000059604645,0.0,0.0,1.0,0.0,-5.051144285062037e-07,-3.0640514125934715e-08,1.4500692202545906e-07,0.00015435386740136892,3.615114792410168e-06,-2.9562694180640392e-05,0.01761011779308319,3.136855363845825,0.0046790181659162045
564,-0.0991269126534462,0.49937567114830017,0.4008728265762329,0.0023650664370507,0.00563021982088685,0.9999801516532898,0.001564367557875812,-0.10000000149011612,0.5,0.4000000059604645,0.0,0.0,1.0,0.0,-5.958252700111188e-07,-9.862706207286465e-08,-4.9453230843710116e-08,0.00014278349408414215,-4.61443341919221e-05,-3.194539021933451e-05,0.01766073890030384,3.1368095874786377,0.004904924426227808
565,-0.0991269126534462,0.49937567114830017,0.4008728265762329,0.002407385502010584,0.005647574085742235,0.9999798536300659,0.0016246301820501685,-0.10000000149011612,0.5,0.4000000059604645,0.0,0.0,1.0,0.0,-6.742426421624259e-07,-1.2265518023468758e-07,-2.1858140542008186e-07,0.00011860784434247762,-8.439561497652903e-05,-3.4107546525774524e-05,0.01771453209221363,3.1367249488830566,0.005093728192150593
566,-0.0991269126534462,0.49937567114830017,0.4008728265762329,0.0024619835894554853,0.005665516015142202,0.999979555606842,0.0016682425048202276,-0.10000000149011612,0.5,0.4000000059604645,0.0,0.0,1.0,0.0,-7.338472869378165e-07,-1.103617250919342e-07,-3.4896658007710357e-07,8.599087595939636e-05,-0.00010894527804339305,-3.555743023753166e-05,0.017770439386367798,3.1366147994995117,0.005231635179370642
567,-0.0991269126534462,0.49937567114830017,0.4008728265762329,0.002521349349990487,0.005683481227606535,0.9999792575836182,0.0016933437436819077,-0.10000000149011612,0.5,0.4000000059604645,0.0,0.0,1.0,0.0,-7.703551432314271e-07,-7.105991528533195e-08,-4.3613837874545425e-07,4.953220559400506e-05,-0.00011910637840628624,-3.594635199988261e-05,0.01782648079097271,3.1364948749542236,0.005311140324920416
568,-0.0991269126534462,0.49937567114830017,0.4008728265762329,0.0025790464133024216,0.005700897425413132,0.9999789595603943,0.0017003790708258748,-0.10000000149011612,0.5,0.4000000059604645,0.0,0.0,1.0,0.0,-7.867463978072919e-07,-1.480802946929316e-08,-4.823319841307239e-07,1.355595941276988e-05,-0.0001161246545962058,-3.513572664815001e-05,0.017880769446492195,3.136378526687622,0.00533323222771287
569,-0.0991269126534462,0.49937567114830017,0.4008728265762329,0.0026299485471099615,0.005717271938920021,0.99997878074646,0.0016913947183638811,-0.10000000149011612,0.5,0.4000000059604645,0.0,0.0,1.0,0.0,-7.880502721491212e-07,6.416812681209194e-08,-4.815869374397153e-07,-1.8573553461465053e-05,-0.00010231724445475265,-3.316430593258701e-05,0.017931627109646797,3.1362762451171875,0.005304626189172268
570,-0.0991269126534462,0.49937567114830017,0.4008728265762329,0.002670598914846778,0.005732223857194185,0.9999786615371704,0.0016693809302523732,-0.10000000149011612,0.5,0.4000000059604645,0.0,0.0,1.0,0.0,-7.746392043372907e-07,1.347623737046888e-07,-4.420988375386514e-07,-4.444681326276623e-05,-8.061518747126684e-05,-3.0178111046552658e-05,0.017977796494960785,3.136195659637451,0.005235560704022646
571,-0.0991269126534462,0.49937567114830017,0.4008728265762329,0.0026976591907441616,0.005745220929384232,0.9999785423278809,0.001638341578654945,-0.10000000149011612,0.5,0.4000000059604645,0.0,0.0,1.0,0.0,-7.545226594629639e-07,2.1094456315040588e-07,-3.8025902426852554e-07,-6.271321763051674e-05,-5.3983832913218066e-05,-2.6412588340463117e-05,0.018018461763858795,3.136141061782837,0.005137561820447445
572,-0.0991269126534462,0.49937567114830017,0.4008728265762329,0.0027110108640044928,0.005756116937845945,0.9999784827232361,0.001602583914063871,-0.10000000149011612,0.5,0.4000000059604645,0.0,0.0,1.0,0.0,-7.286318464139185e-07,2.755783441443782e-07,-3.012828528881073e-07,-7.220711995614693e-05,-2.601435517135542e-05,-2.2205989807844162e-05,0.018052510917186737,3.1361145973205566,0.005025052931159735
573,-0.0991269126534462,0.49937567114830017,0.4008728265762329,0.0027110108640044928,0.005764886271208525,0.9999784827232361,0.001566045917570591,-0.10000000149011612,0.5,0.4000000059604645,0.0,0.0,1.0,0.0,-7.023685952844971e-07,3.182329351147928e-07,-2.1560117602348328e-07,-7.359906885540113e-05,5.722977221012115e-07,-1.7869751900434494e-05,0.01807994395494461,3.1361148357391357,0.004910506308078766
574,-0.0991269126534462,0.49937567114830017,0.4008728265762329,0.0026999241672456264,0.005771608557552099,0.9999786019325256,0.001532323774881661,-0.10000000149011612,0.5,0.4000000059604645,0.0,0.0,1.0,0.0,-6.781542083444947e-07,3.5585836144491623e-07,-1.3066456006072258e-07,-6.770584877813235e-05,2.340683749935124e-05,-1.3673585272044875e-05,0.018101073801517487,3.1361372470855713,0.004805004224181175
575,-0.0991269126534462,0.49937567114830017,0.4008728265762329,0.0026797777973115444,0.0057764844968914986,0.9999786615371704,0.0015041446313261986,-0.10000000149011612,0.5,0.4000000059604645,0.0,0.0,1.0,0.0,-6.552436389029026e-07,3.6926940083503723e-07,-5.764886878978359e-08,-5.6342221796512604e-05,4.095295662409626e-05,-9.881239748210646e-06,0.018116531893610954,3.1361775398254395,0.004716979339718819
576,-0.0991269126534462,0.49937567114830017,0.4008728265762329,0.0026537904050201178,0.0057798121124506,0.9999787211418152,0.0014834802132099867,-0.10000000149011612,0.5,0.4000000059604645,0.0,0.0,1.0,0.0,-6.459304131567478e-07,3.70573246755157e-07,-4.7497450417210985e-09,-4.1009301639860496e-05,5.215415876591578e-05,-6.687920631520683e-06,0.0181272029876709,3.1362292766571045,0.004652634263038635
577,-0.0991269126534462,0.49937567114830017,0.4008728265762329,0.0026250609662383795,0.005781954154372215,0.99997878074646,0.0014713116688653827,-0.10000000149011612,0.5,0.4000000059604645,0.0,0.0,1.0,0.0,-6.368034632941999e-07,3.573484832486429e-07,3.1758101926016025e-08,-2.3780205083312467e-05,5.6773518736008555e-05,-4.224758868076606e-06,0.018134189769625664,3.1362862586975098,0.004614893812686205
578,-0.0991269126534462,0.49937567114830017,0.4008728265762329,0.002596689388155937,0.0057832966558635235,0.9999788999557495,0.0014678201405331492,-0.10000000149011612,0.5,0.4000000059604645,0.0,0.0,1.0,0.0,-6.41832627934491e-07,3.290362826646742e-07,4.3679030170551414e-08,-6.452389243349899e-06,5.5204425734700635e-05,-2.53943721872929e-06,0.01813865453004837,3.1363418102264404,0.004604003857821226
579,-0.0991269126534462,0.49937567114830017,0.4008728265762329,0.0025720130652189255,0.005784156732261181,0.9999789595603943,0.0014724069042131305,-0.10000000149011612,0.5,0.4000000059604645,0.0,0.0,1.0,0.0,-6.509595777970389e-07,2.95508669978517e-07,4.5914202218000355e-08,9.267590939998627e-06,4.830667967326008e-05,-1.5872531093918951e-06,0.01814170740544796,3.1363918781280518,0.004617845173925161
580,-0.0991269126534462,0.49937567114830017,0.4008728265762329,0.0025529395788908005,0.0057848915457725525,0.9999788999557495,0.001483169966377318,-0.10000000149011612,0.5,0.4000000059604645,0.0,0.0,1.0,0.0,-6.666057856818952e-07,2.6533379582360794e-07,3.026798367500305e-08,2.1688640117645264e-05,3.7519726902246475e-05,-1.3547950175052392e-06,0.018144287168979645,3.1364307403564453,0.00465186545625329
581,-0.0991269126534462,0.49937567114830017,0.4008728265762329,0.0025407804641872644,0.005785772576928139,0.9999788999557495,0.0014979919651523232,-0.10000000149011612,0.5,0.4000000059604645,0.0,0.0,1.0,0.0,-6.857910079816065e-07,2.3087487477368995e-07,-9.220094021600289e-09,3.0105189580353908e-05,2.465108445903752e-05,-1.66771940257604e-06,0.01814723014831543,3.1364552974700928,0.0046989754773676395
582,-0.0991269126534462,0.49937567114830017,0.4008728265762329,0.002535058418288827,0.0057869707234203815,0.9999788999557495,0.0015147632220759988,-0.10000000149011612,0.5,0.4000000059604645,0.0,0.0,1.0,0.0,-7.053487820485316e-07,2.05356627702713e-07,-4.9453230843710116e-08,3.416445179027505e-05,1.1444185474829283e-05,-2.332311169084278e-06,0.01815108396112919,3.1364665031433105,0.004751966334879398
583,-0.0991269126534462,0.49937567114830017,0.4008728265762329,0.00253553525544703,0.0057885609567165375,0.9999788999557495,0.001531680696643889,-0.10000000149011612,0.5,0.4000000059604645,0.0,0.0,1.0,0.0,-7.24161509424448e-07,1.856125919630358e-07,-9.639188647270203e-08,3.44730906363111e-05,-9.327195584774017e-07,-3.153365241814754e-06,0.01815609820187092,3.136465311050415,0.004805160220712423
584,-0.0991269126534462,0.49937567114830017,0.4008728265762329,0.0025408996734768152,0.005790553521364927,0.9999788403511047,0.0015471165534108877,-0.10000000149011612,0.5,0.4000000059604645,0.0,0.0,1.0,0.0,-7.45581928640604e-07,1.6940758484906837e-07,-1.3662501885391976e-07,3.143362846458331e-05,-1.1427607205405366e-05,-4.00422140955925e-06,0.01816231571137905,3.1364541053771973,0.004853530786931515
585,-0.0991269126534462,0.49937567114830017,0.4008728265762329,0.0025501977652311325,0.0057929023168981075,0.99997878074646,0.0015599175821989775,-0.10000000149011612,0.5,0.4000000059604645,0.0,0.0,1.0,0.0,-7.604830898344517e-07,1.658685562233586e-07,-1.671724021434784e-07,2.6036241251858883e-05,-1.942953167599626e-05,-4.761200671055121e-06,0.018169604241847992,3.1364352703094482,0.004893521312624216
586,-0.0991269126534462,0.49937567114830017,0.4008728265762329,0.0025621186941862106,0.0057955156080424786,0.9999787211418152,0.0015692628221586347,-0.10000000149011612,0.5,0.4000000059604645,0.0,0.0,1.0,0.0,-7.694238206568116e-07,1.667998787979741e-07,-1.969747245311737e-07,1.8960052329930477e-05,-2.453317938488908e-05,-5.325954589352477e-06,0.018177682533860207,3.136411428451538,0.00492258183658123
587,-0.0991269126534462,0.49937567114830017,0.4008728265762329,0.0025752319488674402,0.005798283964395523,0.9999786615371704,0.0015747398138046265,-0.10000000149011612,0.5,0.4000000059604645,0.0,0.0,1.0,0.0,-7.744529284536839e-07,1.7574056698776985e-07,-2.126209466268847e-07,1.1037848707928788e-05,-2.661785219970625e-05,-5.66123071621405e-06,0.018186215311288834,3.136384963989258,0.004939446225762367
588,-0.0991269126534462,0.49937567114830017,0.4008728265762329,0.00258798711001873,0.005801081191748381,0.9999786019325256,0.001576341688632965,-0.10000000149011612,0.5,0.4000000059604645,0.0,0.0,1.0,0.0,-7.77619447944744e-07,1.882202980141301e-07,-2.2528693932599708e-07,3.1113625027501257e-06,-2.591153679531999e-05,-5.702953785657883e-06,0.018194783478975296,3.136359691619873,0.004944147542119026
589,-0.0991269126534462,0.49937567114830017,0.4008728265762329,0.0025991927832365036,0.0058037834241986275,0.9999785423278809,0.0015744124539196491,-0.10000000149011612,0.5,0.4000000059604645,0.0,0.0,1.0,0.0,-7.763155736029148e-07,2.0237639830611442e-07,-2.2156164902753517e-07,-3.991648554801941e-06,-2.2870210159453563e-05,-5.470495580084389e-06,0.018203044310212135,3.1363375186920166,0.004937971010804176
590,-0.0991269126534462,0.49937567114830017,0.4008728265762329,0.0026082529220730066,0.0058062090538442135,0.9999785423278809,0.0015697075286880136,-0.10000000149011612,0.5,0.4000000059604645,0.0,0.0,1.0,0.0,-7.74080433529889e-07,2.1783635872907325e-07,-2.1336600752874801e-07,-9.684078577265609e-06,-1.811971924325917e-05,-4.998129043087829e-06,0.01821066066622734,3.136319398880005,0.004922924563288689
591,-0.0991269126534462,0.49937567114830017,0.4008728265762329,0.0026140937115997076,0.005808291956782341,0.9999785423278809,0.0015630567213520408,-0.10000000149011612,0.5,0.4000000059604645,0.0,0.0,1.0,0.0,-7.684924980821961e-07,2.4186448399632354e-07,-1.9846484633490036e-07,-1.378525030304445e-05,-1.2296345630602445e-05,-4.351418738224311e-06,0.018217183649539948,3.1363072395324707,0.004901668056845665
592,-0.0991269126534462,0.49937567114830017,0.4008728265762329,0.002617193153128028,0.005809987895190716,0.9999785423278809,0.0015554573619738221,-0.10000000149011612,0.5,0.4000000059604645,0.0,0.0,1.0,0.0,-7.623457349836826e-07,2.537854015827179e-07,-1.8505379273392464e-07,-1.58255916176131e-05,-6.280746219999855e-06,-3.572087734937668e-06,0.018222467973828316,3.136301279067993,0.004877547267824411
593,-0.0991269126534462,0.49937567114830017,0.4008728265762329,0.0026175507809966803,0.0058112964034080505,0.9999785423278809,0.00154765578918159,-0.10000000149011612,0.5,0.4000000059604645,0.0,0.0,1.0,0.0,-7.537775559285365e-07,2.6328490321247955e-07,-1.671724021434784e-07,-1.6256235539913177e-05,-5.363486934584216e-07,-2.765935050774715e-06,0.018226532265543938,3.136300802230835,0.004852987825870514
594,-0.0991269126534462,0.49937567114830017,0.4008728265762329,0.0026154047809541225,0.005812235176563263,0.9999784827232361,0.0015403578290715814,-0.10000000149011612,0.5,0.4000000059604645,0.0,0.0,1.0,0.0,-7.466995270988264e-07,2.6701019351094146e-07,-1.4407559945084358e-07,-1.5191175407380797e-05,4.460010586626595e-06,-1.9910746686946368e-06,0.01822946034371853,3.136305570602417,0.004830154124647379
595,-0.0991269126534462,0.49937567114830017,0.4008728265762329,0.002611590549349785,0.005812847055494785,0.9999786019325256,0.0015341721009463072,-0.10000000149011612,0.5,0.4000000059604645,0.0,0.0,1.0,0.0,-7.440918352585868e-07,2.739019748787541e-07,-1.2991949915885925e-07,-1.2857094588980544e-05,8.34176353237126e-06,-1.2937001656609937e-06,0.018231380730867386,3.1363131999969482,0.004810905084013939
596,-0.0991269126534462,0.49937567114830017,0.4008728265762329,0.0026063453406095505,0.005813163705170155,0.9999786019325256,0.0015294327167794108,-0.10000000149011612,0.5,0.4000000059604645,0.0,0.0,1.0,0.0,-7.396214982691163e-07,2.744607741078653e-07,-1.1650845266331089e-07,-9.822472748055588e-06,1.0997150639013853e-05,-6.67851452362811e-07,0.018232395872473717,3.136323928833008,0.004796258173882961
597,-0.0991269126534462,0.49937567114830017,0.4008728265762329,0.002600504318252206,0.005813268944621086,0.9999786019325256,0.001526388805359602,-0.10000000149011612,0.5,0.4000000059604645,0.0,0.0,1.0,0.0,-7.388763947346888e-07,2.707354838094034e-07,-1.0607764266978847e-07,-6.248988484003348e-06,1.2299511581659317e-05,-2.1336600752874801e-07,0.018232760950922966,3.1363353729248047,0.004787004087120295
598,-0.0991269126534462,0.49937567114830017,0.4008728265762329,0.0025944244116544724,0.005813220981508493,0.9999786019325256,0.0015250802971422672,-0.10000000149011612,0.5,0.4000000059604645,0.0,0.0,1.0,0.0,-7.386901756945008e-07,2.6291237986697524e-07,-1.0309741327318989e-07,-2.6345253445470007e-06,1.2338255146460142e-05,1.1147931644472919e-07,0.018232664093375206,3.136347532272339,0.004783144686371088
599,-0.0991269126534462,0.49937567114830017,0.4008728265762329,0.0025889407843351364,0.005813091527670622,0.9999786615371704,0.0015254602767527103,-0.10000000149011612,0.5,0.4000000059604645,0.0,0.0,1.0,0.0,-7.405528208437318e-07,2.5453047669543594e-07,-1.0384246706962585e-07,8.331612093570584e-07,1.1220668056921568e-05,2.7837231186822464e-07,0.018232323229312897,3.1363582611083984,0.004784505348652601
600,-0.0991269126534462,0.49937567114830017,0.4008728265762329,0.002584291622042656,0.005812941584736109,0.9999786019325256,0.0015273381723091006,-0.10000000149011612,0.5,0.4000000059604645,0.0,0.0,1.0,0.0,-7.392489465019025e-07,2.448446991820674e-07,-1.0607764266978847e-07,3.702007234096527e-06,9.23285278986441e-06,3.186054584602971e-07,0.018231920897960663,3.136367082595825,0.004790229257196188
601,-0.0991269126534462,0.49937567114830017,0.4008728265762329,0.0025807153433561325,0.005812834948301315,0.9999786019325256,0.0015304454136639833,-0.10000000149011612,0.5,0.4000000059604645,0.0,0.0,1.0,0.0,-7.450231578332023e-07,2.3832545537061378e-07,-1.150183379650116e-07,5.888193754799431e-06,6.565544936165679e-06,2.2621826190061256e-07,0.01823163405060768,3.136373996734619,0.004799581132829189
602,-0.0991269126534462,0.49937567114830017,0.4008728265762329,0.0025786887854337692,0.005812818184494972,0.9999786615371704,0.0015344338025897741,-0.10000000149011612,0.5,0.4000000059604645,0.0,0.0,1.0,0.0,-7.500522656300745e-07,2.3664907189413498e-07,-1.209788109690635e-07,7.293932412721915e-06,3.4675933875405462e-06,5.336478281492418e-08,0.01823159120976925,3.136378288269043,0.004811565391719341
603,-0.0991269126534462,0.49937567114830017,0.4008728265762329,0.0025784503668546677,0.005812930408865213,0.9999786019325256,0.001538808923214674,-0.10000000149011612,0.5,0.4000000059604645,0.0,0.0,1.0,0.0,-7.56199028728588e-07,2.2919849129721115e-07,-1.314096209625859e-07,7.728301170573104e-06,3.1748786000207474e-07,-1.776032121370008e-07,0.01823190040886402,3.1363790035247803,0.004824784584343433
604,-0.0991269126534462,0.49937567114830017,0.4008728265762329,0.0025796424597501755,0.005813207011669874,0.9999786019325256,0.0015429096529260278,-0.10000000149011612,0.5,0.4000000059604645,0.0,0.0,1.0,0.0,-7.584341688016139e-07,2.243556167513816e-07,-1.4184043095610832e-07,7.139332865335746e-06,-2.510752665330074e-06,-4.696659914316115e-07,0.018232686445116997,3.1363766193389893,0.004837604705244303
605,-0.0991269126534462,0.49937567114830017,0.4008728265762329,0.0025823842734098434,0.005813620984554291,0.9999786019325256,0.0015462784795090556,-0.10000000149011612,0.5,0.4000000059604645,0.0,0.0,1.0,0.0,-7.597380431434431e-07,2.2584572434425354e-07,-1.5227124094963074e-07,5.820207206852501e-06,-4.7131443352554925e-06,-7.095746923369006e-07,0.018233895301818848,3.136371612548828,0.00484840851277113
606,-0.0991269126534462,0.49937567114830017,0.4008728265762329,0.002585960552096367,0.005814171861857176,0.9999786019325256,0.0015485887415707111,-0.10000000149011612,0.5,0.4000000059604645,0.0,0.0,1.0,0.0,-7.658847493985377e-07,2.2677704691886902e-07,-1.5972182154655457e-07,3.797188355747494e-06,-5.958881502010627e-06,-9.10740368453844e-07,0.0182354599237442,3.1363651752471924,0.004855802748352289
607,-0.0991269126534462,0.49937567114830017,0.4008728265762329,0.0025898944586515427,0.005814793985337019,0.9999786019325256,0.0015495336847379804,-0.10000000149011612,0.5,0.4000000059604645,0.0,0.0,1.0,0.0,-7.658847493985377e-07,2.2882595374085213e-07,-1.6121194335028122e-07,1.4960766065996722e-06,-6.2762760535406414e-06,-1.0105781029778882e-06,0.018237290903925896,3.136357545852661,0.004859431646764278
608,-0.0991269126534462,0.49937567114830017,0.4008728265762329,0.002593589946627617,0.0058154696598649025,0.9999786019325256,0.0015490419464185834,-0.10000000149011612,0.5,0.4000000059604645,0.0,0.0,1.0,0.0,-7.647672077837342e-07,2.357177493195195e-07,-1.6493723364874313e-07,-7.675960773667612e-07,-5.613174380414421e-06,-1.0210089840256842e-06,0.018239211291074753,3.136350631713867,0.00485882768407464
609,-0.0991269126534462,0.49937567114830017,0.4008728265762329,0.002596212550997734,0.0058160764165222645,0.9999785423278809,0.0015472783707082272,-0.10000000149011612,0.5,0.4000000059604645,0.0,0.0,1.0,0.0,-7.658847493985377e-07,2.407468855381012e-07,-1.641921727468798e-07,-2.6669354156183545e-06,-4.129018634557724e-06,-9.226612860402383e-07,0.01824113540351391,3.1363446712493896,0.004854284692555666
610,-0.0991269126534462,0.49937567114830017,0.4008728265762329,0.0025972856674343348,0.005816546734422445,0.9999785423278809,0.001544760656543076,-0.10000000149011612,0.5,0.4000000059604645,0.0,0.0,1.0,0.0,-7.621594591000758e-07,2.433546058000502e-07,-1.5525147034622933e-07,-3.787688910961151e-06,-2.18590730582946e-06,-7.21495609923295e-07,0.018242700025439262,3.1363415718078613,0.004846974741667509
611,-0.0991269126534462,0.49937567114830017,0.4008728265762329,0.0025972856674343348,0.00581685034558177,0.9999785423278809,0.001542135258205235,-0.10000000149011612,0.5,0.4000000059604645,0.0,0.0,1.0,0.0,-7.588067205688276e-07,2.4558977429478546e-07,-1.4631078215643356e-07,-3.938935606129235e-06,-2.5918708956851333e-07,-4.651956260204315e-07,0.018243778496980667,3.136341094970703,0.004838824272155762
612,-0.0991269126534462,0.49937567114830017,0.4008728265762329,0.002596331760287285,0.005817007273435593,0.9999785423278809,0.0015397829702124,-0.10000000149011612,0.5,0.4000000059604645,0.0,0.0,1.0,0.0,-7.576891221106052e-07,2.474524194440164e-07,-1.4184043095610832e-07,-3.5200268939661328e-06,1.3784505199510022e-06,-2.416782081127167e-07,0.018244396895170212,3.136342763900757,0.00483123492449522
613,-0.0991269126534462,0.49937567114830017,0.4008728265762329,0.002594543620944023,0.00581702683120966,0.9999785423278809,0.0015380248660221696,-0.10000000149011612,0.5,0.4000000059604645,0.0,0.0,1.0,0.0,-7.558264769613743e-07,2.4614857352389663e-07,-1.3886020155950973e-07,-2.6222319320368115e-06,2.560112761784694e-06,-3.306195139884949e-08,0.018244585022330284,3.136345863342285,0.004825259558856487
614,-0.0991269126534462,0.49937567114830017,0.4008728265762329,0.0025922786444425583,0.005816944874823093,0.9999785423278809,0.0015370971523225307,-0.10000000149011612,0.5,0.4000000059604645,0.0,0.0,1.0,0.0,-7.565715236523829e-07,2.495013120551448e-07,-1.3662501885391976e-07,-1.3735145785176428e-06,3.089103984166286e-06,1.234002411365509e-07,0.018244432285428047,3.136350154876709,0.004821705631911755
615,-0.0991269126534462,0.49937567114830017,0.4008728265762329,0.0025922786444425583,0.005816944874823093,0.9999785423278809,0.0015370971523225307,-0.10000000149011612,0.5,0.4000000059604645,0.0,0.0,1.0,0.0,-7.560127528449812e-07,2.454034984111786e-07,-1.3364478945732117e-07,-9.313225746154785e-09,2.9445625386870233e-06,2.0386652010984108e-07,0.018244078382849693,3.1363542079925537,0.004820943344384432
616,-0.0991269126534462,0.49937567114830017,0.4008728265762329,0.0025922786444425583,0.005816944874823093,0.9999785423278809,0.0015370971523225307,-0.10000000149011612,0.5,0.4000000059604645,0.0,0.0,1.0,0.0,-7.56199028728588e-07,2.4465845172017e-07,-1.343898503591845e-07,-3.91155481338501e-08,2.93562197839492e-06,2.05356627702713e-07,0.018244076520204544,3.1363542079925537,0.004820897243916988
617,-0.0991269126534462,0.49937567114830017,0.4008728265762329,0.0025922786444425583,0.005816944874823093,0.9999785423278809,0.0015370971523225307,-0.10000000149011612,0.5,0.4000000059604645,0.0,0.0,1.0,0.0,-7.571303513032035e-07,2.4614857352389663e-07,-1.3364478945732117e-07,-3.818422555923462e-08,2.934131771326065e-06,1.9641593951291725e-07,0.01824408955872059,3.1363542079925537,0.004820899106562138
618,-0.0991269126534462,0.49937567114830017,0.4008728265762329,0.0025922786444425583,0.005816944874823093,0.9999785423278809,0.0015370971523225307,-0.10000000149011612,0.5,0.4000000059604645,0.0,0.0,1.0,0.0,-7.567577995359898e-07,2.474524194440164e-07,-1.3215468186444923e-07,-3.967434381024759e-08,2.93562197839492e-06,1.9790604710578918e-07,0.01824408769607544,3.1363542079925537,0.004820896312594414
619,-0.0991269126534462,0.49937567114830017,0.4008728265762329,0.0025922786444425583,0.005816944874823093,0.9999785423278809,0.0015370971523225307,-0.10000000149011612,0.5,0.4000000059604645,0.0,0.0,1.0,0.0,-7.571303513032035e-07,2.474524194440164e-07,-1.314096209625859e-07,-4.023313593393141e-08,2.93562197839492e-06,1.9641593951291725e-07,0.01824408955872059,3.1363542079925537,0.004820895381271839
620,-0.0991269126534462,0.49937567114830017,0.4008728265762329,0.0025922786444425583,0.005816944874823093,0.9999785423278809,0.0015370971523225307,-0.10000000149011612,0.5,0.4000000059604645,0.0,0.0,1.0,0.0,-7.571303513032035e-07,2.474524194440164e-07,-1.2842939156598732e-07,-4.023313593393141e-08,2.934131771326065e-06,1.9939616890951584e-07,0.01824408583343029,3.1363542079925537,0.004820895381271839
621,-0.0991269126534462,0.49937567114830017,0.4008728265762329,0.0025922786444425583,0.005816944874823093,0.9999785423278809,0.0015370971523225307,-0.10000000149011612,0.5,0.4000000059604645,0.0,0.0,1.0,0.0,-7.569440754195966e-07,2.4633482098579407e-07,-1.2842939156598732e-07,-4.060566638486307e-08,2.9311515845620306e-06,1.9939616890951584e-07,0.01824408769607544,3.1363542079925537,0.004820894915610552
622,-0.0991269126534462,0.49937567114830017,0.4008728265762329,0.0025922786444425583,0.005816944874823093,0.9999785423278809,0.0015370971523225307,-0.10000000149011612,0.5,0.4000000059604645,0.0,0.0,1.0,0.0,-7.567577995359898e-07,2.448446991820674e-07,-1.2991949915885925e-07,-3.930181335931593e-08,2.93562197839492e-06,2.0237639830611442e-07,0.018244082108139992,3.1363542079925537,0.004820896778255701
623,-0.0991269126534462,0.49937567114830017,0.4008728265762329,0.0025922786444425583,0.005816944874823093,0.9999785423278809,0.0015370971523225307,-0.10000000149011612,0.5,0.4000000059604645,0.0,0.0,1.0,0.0,-7.56199028728588e-07,2.4614857352389663e-07,-1.3215468186444923e-07,-3.948807858478176e-08,2.934131771326065e-06,1.9939616890951584e-07,0.01824408583343029,3.1363542079925537,0.004820896778255701
624,-0.0991269126534462,0.49937567114830017,0.4008728265762329,0.0025922786444425583,0.005816944874823093,0.9999785423278809,0.0015370971523225307,-0.10000000149011612,0.5,0.4000000059604645,0.0,0.0,1.0,0.0,-7.569440754195966e-07,2.4652109686940094e-07,-1.3215468186444923e-07,-3.930181335931593e-08,2.9371119580900995e-06,1.9939616890951584e-07,0.01824408583343029,3.1363542079925537,0.004820896778255701
625,-0.0991269126534462,0.49937567114830017,0.4008728265762329,0.0025922786444425583,0.005816944874823093,0.9999785423278809,0.0015370971523225307,-0.10000000149011612,0.5,0.4000000059604645,0.0,0.0,1.0,0.0,-7.571303513032035e-07,2.4726614356040955e-07,-1.314096209625859e-07,-3.948807858478176e-08,2.9326417916308856e-06,1.9641593951291725e-07,0.01824408955872059,3.1363542079925537,0.004820896312594414
626,-0.0991269126534462,0.49937567114830017,0.4008728265762329,0.0025922786444425583,0.005816944874823093,0.9999785423278809,0.0015370971523225307,-0.10000000149011612,0.5,0.4000000059604645,0.0,0.0,1.0,0.0,-7.565715236523829e-07,2.4726614356040955e-07,-1.2917443825699593e-07,-3.948807858478176e-08,2.934131771326065e-06,1.9939616890951584e-07,0.01824408583343029,3.1363542079925537,0.004820896778255701
627,-0.0991269126534462,0.49937567114830017,0.4008728265762329,0.0025922786444425583,0.005816944874823093,0.9999785423278809,0.0015370971523225307,-0.10000000149011612,0.5,0.4000000059604645,0.0,0.0,1.0,0.0,-7.573166271868104e-07,2.4633482098579407e-07,-1.314096209625859e-07,-4.060566638486307e-08,2.9311515845620306e-06,1.9790604710578918e-07,0.01824408769607544,3.1363542079925537,0.004820894915610552
628,-0.0991269126534462,0.49937567114830017,0.4008728265762329,0.0025922786444425583,0.005816944874823093,0.9999785423278809,0.0015370971523225307,-0.10000000149011612,0.5,0.4000000059604645,0.0,0.0,1.0,0.0,-7.567577995359898e-07,2.4652109686940094e-07,-1.3215468186444923e-07,-3.930181335931593e-08,2.93562197839492e-06,1.9790604710578918e-07,0.01824408955872059,3.1363542079925537,0.004820896778255701
629,-0.0991269126534462,0.49937567114830017,0.4008728265762329,0.0025922786444425583,0.005816944874823093,0.9999785423278809,0.0015370971523225307,-0.10000000149011612,0.5,0.4000000059604645,0.0,0.0,1.0,0.0,-7.571303513032035e-07,2.474524194440164e-07,-1.3215468186444923e-07,-3.967434381024759e-08,2.934131771326065e-06,1.9939616890951584e-07,0.01824408769607544,3.1363542079925537,0.004820896312594414
630,-0.0991269126534462,0.49937567114830017,0.4008728265762329,0.0025922786444425583,0.005816944874823093,0.9999785423278809,0.0015370971523225307,-0.10000000149011612,0.5,0.4000000059604645,0.0,0.0,1.0,0.0,-7.567577995359898e-07,2.4652109686940094e-07,-1.3215468186444923e-07,-3.930181335931593e-08,2.9371119580900995e-06,1.9939616890951584e-07,0.01824408583343029,3.1363542079925537,0.004820896778255701
631,-0.0991269126534462,0.49937567114830017,0.4008728265762329,0.0025922786444425583,0.005816944874823093,0.9999785423278809,0.0015370971523225307,-0.10000000149011612,0.5,0.4000000059604645,0.0,0.0,1.0,0.0,-7.571303513032035e-07,2.4726614356040955e-07,-1.314096209625859e-07,-3.948807858478176e-08,2.9326417916308856e-06,1.9641593951291725e-07,0.01824408955872059,3.1363542079925537,0.004820896312594414
632,-0.0991269126534462,0.49937567114830017,0.4008728265762329,0.0025922786444425583,0.005816944874823093,0.9999785423278809,0.0015370971523225307,-0.10000000149011612,0.5,0.4000000059604645,0.0,0.0,1.0,0.0,-7.565715236523829e-07,2.4726614356040955e-07,-1.2917443825699593e-07,-3.948807858478176e-08,2.934131771326065e-06,1.9939616890951584e-07,0.01824408583343029,3.1363542079925537,0.004820896778255701
633,-0.0991269126534462,0.49937567114830017,0.4008728265762329,0.0025922786444425583,0.005816944874823093,0.9999785423278809,0.0015370971523225307,-0.10000000149011612,0.5,0.4000000059604645,0.0,0.0,1.0,0.0,-7.573166271868104e-07,2.4633482098579407e-07,-1.314096209625859e-07,-4.060566638486307e-08,2.9311515845620306e-06,1.9790604710578918e-07,0.01824408769607544,3.1363542079925537,0.004820894915610552
634,-0.0991269126534462,0.49937567114830017,0.4008728265762329,0.0025922786444425583,0.005816944874823093,0.9999785423278809,0.0015370971523225307,-0.10000000149011612,0.5,0.4000000059604645,0.0,0.0,1.0,0.0,-7.567577995359898e-07,2.4652109686940094e-07,-1.3215468186444923e-07,-3.930181335931593e-08,2.93562197839492e-06,1.9790604710578918e-07,0.01824408955872059,3.1363542079925537,0.004820896778255701
635,-0.0991269126534462,0.49937567114830017,0.4008728265762329,0.0025922786444425583,0.005816944874823093,0.9999785423278809,0.0015370971523225307,-0.10000000149011612,0.5,0.4000000059604645,0.0,0.0,1.0,0.0,-7.571303513032035e-07,2.474524194440164e-07,-1.3215468186444923e-07,-3.967434381024759e-08,2.934131771326065e-06,1.9939616890951584e-07,0.01824408769607544,3.1363542079925537,0.004820896312594414
636,-0.0991269126534462,0.49937567114830017,0.4008728265762329,0.0025922786444425583,0.005816944874823093,0.9999785423278809,0.0015370971523225307,-0.10000000149011612,0.5,0.4000000059604645,0.0,0.0,1.0,0.0,-7.567577995359898e-07,2.4652109686940094e-07,-1.3215468186444923e-07,-3.930181335931593e-08,2.9371119580900995e-06,1.9939616890951584e-07,0.01824408583343029,3.1363542079925537,0.004820896778255701
637,-0.0991269126534462,0.49937567114830017,0.4008728265762329,0.0025922786444425583,0.005816944874823093,0.9999785423278809,0.0015370971523225307,-0.10000000149011612,0.5,0.4000000059604645,0.0,0.0,1.0,0.0,-7.571303513032035e-07,2.4726614356040955e-07,-1.314096209625859e-07,-3.948807858478176e-08,2.9326417916308856e-06,1.9641593951291725e-07,0.01824408955872059,3.1363542079925537,0.004820896312594414
638,-0.0991269126534462,0.49937567114830017,0.4008728265762329,0.0025922786444425583,0.005816944874823093,0.9999785423278809,0.0015370971523225307,-0.10000000149011612,0.5,0.4000000059604645,0.0,0.0,1.0,0.0,-7.565715236523829e-07,2.4726614356040955e-07,-1.2917443825699593e-07,-3.948807858478176e-08,2.934131771326065e-06,1.9939616890951584e-07,0.01824408583343029,3.1363542079925537,0.004820896778255701
639,-0.0991269126534462,0.49937567114830017,0.4008728265762329,0.0025922786444425583,0.005816944874823093,0.9999785423278809,0.0015370971523225307,-0.10000000149011612,0.5,0.4000000059604645,0.0,0.0,1.0,0.0,-7.573166271868104e-07,2.4633482098579407e-07,-1.314096209625859e-07,-4.060566638486307e-08,2.9311515845620306e-06,1.9790604710578918e-07,0.01824408769607544,3.1363542079925537,0.004820894915610552
640,-0.0991269126534462,0.49937567114830017,0.4008728265762329,0.0025922786444425583,0.005816944874823093,0.9999785423278809,0.0015370971523225307,-0.10000000149011612,0.5,0.4000000059604645,0.0,0.0,1.0,0.0,-7.567577995359898e-07,2.4652109686940094e-07,-1.3215468186444923e-07,-3.930181335931593e-08,2.93562197839492e-06,1.9790604710578918e-07,0.01824408955872059,3.1363542079925537,0.004820896778255701
641,-0.0991269126534462,0.49937567114830017,0.4008728265762329,0.0025922786444425583,0.005816944874823093,0.9999785423278809,0.0015370971523225307,-0.10000000149011612,0.5,0.4000000059604645,0.0,0.0,1.0,0.0,-7.571303513032035e-07,2.474524194440164e-07,-1.3215468186444923e-07,-3.967434381024759e-08,2.934131771326065e-06,1.9939616890951584e-07,0.01824408769607544,3.1363542079925537,0.004820896312594414
642,-0.0991269126534462,0.49937567114830017,0.4008728265762329,0.0025922786444425583,0.005816944874823093,0.9999785423278809,0.0015370971523225307,-0.10000000149011612,0.5,0.4000000059604645,0.0,0.0,1.0,0.0,-7.567577995359898e-07,2.4652109686940094e-07,-1.3215468186444923e-07,-3.930181335931593e-08,2.9371119580900995e-06,1.9939616890951584e-07,0.01824408583343029,3.1363542079925537,0.004820896778255701
643,-0.0991269126534462,0.49937567114830017,0.4008728265762329,0.0025922786444425583,0.005816944874823093,0.9999785423278809,0.0015370971523225307,-0.10000000149011612,0.5,0.4000000059604645,0.0,0.0,1.0,0.0,-7.571303513032035e-07,2.4726614356040955e-07,-1.314096209625859e-07,-3.948807858478176e-08,2.9326417916308856e-06,1.9641593951291725e-07,0.01824408955872059,3.1363542079925537,0.004820896312594414
644,-0.0991269126534462,0.49937567114830017,0.4008728265762329,0.0025922786444425583,0.005816944874823093,0.9999785423278809,0.0015370971523225307,-0.10000000149011612,0.5,0.4000000059604645,0.0,0.0,1.0,0.0,-7.565715236523829e-07,2.4726614356040955e-07,-1.2917443825699593e-07,-3.948807858478176e-08,2.934131771326065e-06,1.9939616890951584e-07,0.01824408583343029,3.1363542079925537,0.004820896778255701
645,-0.0991269126534462,0.49937567114830017,0.4008728265762329,0.0025922786444425583,0.005816944874823093,0.9999785423278809,0.0015370971523225307,-0.10000000149011612,0.5,0.4000000059604645,0.0,0.0,1.0,0.0,-7.573166271868104e-07,2.4633482098579407e-07,-1.314096209625859e-07,-4.060566638486307e-08,2.9311515845620306e-06,1.9790604710578918e-07,0.01824408769607544,3.1363542079925537,0.004820894915610552
646,-0.0991269126534462,0.49937567114830017,0.4008728265762329,0.0025922786444425583,0.005816944874823093,0.9999785423278809,0.0015370971523225307,-0.10000000149011612,0.5,0.4000000059604645,0.0,0.0,1.0,0.0,-7.567577995359898e-07,2.4652109686940094e-07,-1.3215468186444923e-07,-3.930181335931593e-08,2.93562197839492e-06,1.9790604710578918e-07,0.01824408955872059,3.1363542079925537,0.004820896778255701
647,-0.0991269126534462,0.49937567114830017,0.4008728265762329,0.0025922786444425583,0.005816944874823093,0.9999785423278809,0.0015370971523225307,-0.10000000149011612,0.5,0.4000000059604645,0.0,0.0,1.0,0.0,-7.571303513032035e-07,2.474524194440164e-07,-1.3215468186444923e-07,-3.967434381024759e-08,2.934131771326065e-06,1.9939616890951584e-07,0.01824408769607544,3.1363542079925537,0.004820896312594414
648,-0.0991269126534462,0.49937567114830017,0.4008728265762329,0.0025922786444425583,0.005816944874823093,0.9999785423278809,0.0015370971523225307,-0.10000000149011612,0.5,0.4000000059604645,0.0,0.0,1.0,0.0,-7.567577995359898e-07,2.4652109686940094e-07,-1.3215468186444923e-07,-3.930181335931593e-08,2.9371119580900995e-06,1.9939616890951584e-07,0.01824408583343029,3.1363542079925537,0.004820896778255701
649,-0.0991269126534462,0.49937567114830017,0.4008728265762329,0.0025922786444425583,0.005816944874823093,0.9999785423278809,0.0015370971523225307,-0.10000000149011612,0.5,0.4000000059604645,0.0,0.0,1.0,0.0,-7.571303513032035e-07,2.4726614356040955e-07,-1.314096209625859e-07,-3.948807858478176e-08,2.9326417916308856e-06,1.9641593951291725e-07,0.01824408955872059,3.1363542079925537,0.004820896312594414
650,-0.0991269126534462,0.49937567114830017,0.4008728265762329,0.0025922786444425583,0.005816944874823093,0.9999785423278809,0.0015370971523225307,-0.10000000149011612,0.5,0.4000000059604645,0.0,0.0,1.0,0.0,-7.565715236523829e-07,2.4726614356040955e-07,-1.2917443825699593e-07,-3.948807858478176e-08,2.934131771326065e-06,1.9939616890951584e-07,0.01824408583343029,3.1363542079925537,0.004820896778255701
651,-0.0991269126534462,0.49937567114830017,0.4008728265762329,0.0025922786444425583,0.005816944874823093,0.9999785423278809,0.0015370971523225307,-0.10000000149011612,0.5,0.4000000059604645,0.0,0.0,1.0,0.0,-7.573166271868104e-07,2.4633482098579407e-07,-1.314096209625859e-07,-4.060566638486307e-08,2.9311515845620306e-06,1.9790604710578918e-07,0.01824408769607544,3.1363542079925537,0.004820894915610552
652,-0.0991269126534462,0.49937567114830017,0.4008728265762329,0.0025922786444425583,0.005816944874823093,0.9999785423278809,0.0015370971523225307,-0.10000000149011612,0.5,0.4000000059604645,0.0,0.0,1.0,0.0,-7.567577995359898e-07,2.4652109686940094e-07,-1.3215468186444923e-07,-3.930181335931593e-08,2.93562197839492e-06,1.9790604710578918e-07,0.01824408955872059,3.1363542079925537,0.004820896778255701
653,-0.0991269126534462,0.49937567114830017,0.4008728265762329,0.0025922786444425583,0.005816944874823093,0.9999785423278809,0.0015370971523225307,-0.10000000149011612,0.5,0.4000000059604645,0.0,0.0,1.0,0.0,-7.571303513032035e-07,2.474524194440164e-07,-1.3215468186444923e-07,-3.967434381024759e-08,2.934131771326065e-06,1.9939616890951584e-07,0.01824408769607544,3.1363542079925537,0.004820896312594414
654,-0.0991269126534462,0.49937567114830017,0.4008728265762329,0.0025922786444425583,0.005816944874823093,0.9999785423278809,0.0015370971523225307,-0.10000000149011612,0.5,0.4000000059604645,0.0,0.0,1.0,0.0,-7.567577995359898e-07,2.4652109686940094e-07,-1.3215468186444923e-07,-3.930181335931593e-08,2.9371119580900995e-06,1.9939616890951584e-07,0.01824408583343029,3.1363542079925537,0.004820896778255701
655,-0.0991269126534462,0.49937567114830017,0.4008728265762329,0.0025922786444425583,0.005816944874823093,0.9999785423278809,0.0015370971523225307,-0.10000000149011612,0.5,0.4000000059604645,0.0,0.0,1.0,0.0,-7.571303513032035e-07,2.4726614356040955e-07,-1.314096209625859e-07,-3.948807858478176e-08,2.9326417916308856e-06,1.9641593951291725e-07,0.01824408955872059,3.1363542079925537,0.004820896312594414
656,-0.0991269126534462,0.49937567114830017,0.4008728265762329,0.0025922786444425583,0.005816944874823093,0.9999785423278809,0.0015370971523225307,-0.10000000149011612,0.5,0.4000000059604645,0.0,0.0,1.0,0.0,-7.565715236523829e-07,2.4726614356040955e-07,-1.2917443825699593e-07,-3.948807858478176e-08,2.934131771326065e-06,1.9939616890951584e-07,0.01824408583343029,3.1363542079925537,0.004820896778255701
657,-0.0991269126534462,0.49937567114830017,0.4008728265762329,0.0025922786444425583,0.005816944874823093,0.9999785423278809,0.0015370971523225307,-0.10000000149011612,0.5,0.4000000059604645,0.0,0.0,1.0,0.0,-7.573166271868104e-07,2.4633482098579407e-07,-1.314096209625859e-07,-4.060566638486307e-08,2.9311515845620306e-06,1.9790604710578918e-07,0.01824408769607544,3.1363542079925537,0.004820894915610552
658,-0.0991269126534462,0.49937567114830017,0.4008728265762329,0.0025922786444425583,0.005816944874823093,0.9999785423278809,0.0015370971523225307,-0.10000000149011612,0.5,0.4000000059604645,0.0,0.0,1.0,0.0,-7.567577995359898e-07,2.4652109686940094e-07,-1.3215468186444923e-07,-3.930181335931593e-08,2.93562197839492e-06,1.9790604710578918e-07,0.01824408955872059,3.1363542079925537,0.004820896778255701
659,-0.0991269126534462,0.49937567114830017,0.4008728265762329,0.0025922786444425583,0.005816944874823093,0.9999785423278809,0.0015370971523225307,-0.10000000149011612,0.5,0.4000000059604645,0.0,0.0,1.0,0.0,-7.571303513032035e-07,2.474524194440164e-07,-1.3215468186444923e-07,-3.967434381024759e-08,2.934131771326065e-06,1.9939616890951584e-07,0.01824408769607544,3.1363542079925537,0.004820896312594414
660,-0.0991269126534462,0.49937567114830017,0.4008728265762329,0.0025922786444425583,0.005816944874823093,0.9999785423278809,0.0015370971523225307,-0.10000000149011612,0.5,0.4000000059604645,0.0,0.0,1.0,0.0,-7.567577995359898e-07,2.4652109686940094e-07,-1.3215468186444923e-07,-3.930181335931593e-08,2.9371119580900995e-06,1.9939616890951584e-07,0.01824408583343029,3.1363542079925537,0.004820896778255701
661,-0.0991269126534462,0.49937567114830017,0.4008728265762329,0.0025922786444425583,0.005816944874823093,0.9999785423278809,0.0015370971523225307,-0.10000000149011612,0.5,0.4000000059604645,0.0,0.0,1.0,0.0,-7.571303513032035e-07,2.4726614356040955e-07,-1.314096209625859e-07,-3.948807858478176e-08,2.9326417916308856e-06,1.9641593951291725e-07,0.01824408955872059,3.1363542079925537,0.004820896312594414
662,-0.0991269126534462,0.49937567114830017,0.4008728265762329,0.0025922786444425583,0.005816944874823093,0.9999785423278809,0.0015370971523225307,-0.10000000149011612,0.5,0.4000000059604645,0.0,0.0,1.0,0.0,-7.565715236523829e-07,2.4726614356040955e-07,-1.2917443825699593e-07,-3.948807858478176e-08,2.934131771326065e-06,1.9939616890951584e-07,0.01824408583343029,3.1363542079925537,0.004820896778255701
663,-0.0991269126534462,0.49937567114830017,0.4008728265762329,0.0025922786444425583,0.005816944874823093,0.9999785423278809,0.0015370971523225307,-0.10000000149011612,0.5,0.4000000059604645,0.0,0.0,1.0,0.0,-7.573166271868104e-07,2.4633482098579407e-07,-1.314096209625859e-07,-4.060566638486307e-08,2.9311515845620306e-06,1.9790604710578918e-07,0.01824408769607544,3.1363542079925537,0.004820894915610552
664,-0.0991269126534462,0.49937567114830017,0.4008728265762329,0.0025922786444425583,0.005816944874823093,0.9999785423278809,0.0015370971523225307,-0.10000000149011612,0.5,0.4000000059604645,0.0,0.0,1.0,0.0,-7.567577995359898e-07,2.4652109686940094e-07,-1.3215468186444923e-07,-3.930181335931593e-08,2.93562197839492e-06,1.9790604710578918e-07,0.01824408955872059,3.1363542079925537,0.004820896778255701
665,-0.0991269126534462,0.49937567114830017,0.4008728265762329,0.0025922786444425583,0.005816944874823093,0.9999785423278809,0.0015370971523225307,-0.10000000149011612,0.5,0.4000000059604645,0.0,0.0,1.0,0.0,-7.571303513032035e-07,2.474524194440164e-07,-1.3215468186444923e-07,-3.967434381024759e-08,2.934131771326065e-06,1.9939616890951584e-07,0.01824408769607544,3.1363542079925537,0.004820896312594414
666,-0.0991269126534462,0.49937567114830017,0.4008728265762329,0.0025922786444425583,0.005816944874823093,0.9999785423278809,0.0015370971523225307,-0.10000000149011612,0.5,0.4000000059604645,0.0,0.0,1.0,0.0,-7.567577995359898e-07,2.4652109686940094e-07,-1.3215468186444923e-07,-3.930181335931593e-08,2.9371119580900995e-06,1.9939616890951584e-07,0.01824408583343029,3.1363542079925537,0.004820896778255701
667,-0.0991269126534462,0.49937567114830017,0.4008728265762329,0.0025922786444425583,0.005816944874823093,0.9999785423278809,0.0015370971523225307,-0.10000000149011612,0.5,0.4000000059604645,0.0,0.0,1.0,0.0,-7.571303513032035e-07,2.4726614356040955e-07,-1.314096209625859e-07,-3.948807858478176e-08,2.9326417916308856e-06,1.9641593951291725e-07,0.01824408955872059,3.1363542079925537,0.004820896312594414
668,-0.0991269126534462,0.49937567114830017,0.4008728265762329,0.0025922786444425583,0.005816944874823093,0.9999785423278809,0.0015370971523225307,-0.10000000149011612,0.5,0.4000000059604645,0.0,0.0,1.0,0.0,-7.565715236523829e-07,2.4726614356040955e-07,-1.2917443825699593e-07,-3.948807858478176e-08,2.934131771326065e-06,1.9939616890951584e-07,0.01824408583343029,3.1363542079925537,0.004820896778255701
669,-0.0991269126534462,0.49937567114830017,0.4008728265762329,0.0025922786444425583,0.005816944874823093,0.9999785423278809,0.0015370971523225307,-0.10000000149011612,0.5,0.4000000059604645,0.0,0.0,1.0,0.0,-7.573166271868104e-07,2.4633482098579407e-07,-1.314096209625859e-07,-4.060566638486307e-08,2.9311515845620306e-06,1.9790604710578918e-07,0.01824408769607544,3.1363542079925537,0.004820894915610552
670,-0.0991269126534462,0.49937567114830017,0.4008728265762329,0.0025922786444425583,0.005816944874823093,0.9999785423278809,0.0015370971523225307,-0.10000000149011612,0.5,0.4000000059604645,0.0,0.0,1.0,0.0,-7.567577995359898e-07,2.4652109686940094e-07,-1.3215468186444923e-07,-3.930181335931593e-08,2.93562197839492e-06,1.9790604710578918e-07,0.01824408955872059,3.1363542079925537,0.004820896778255701
671,-0.0991269126534462,0.49937567114830017,0.4008728265762329,0.0025922786444425583,0.005816944874823093,0.9999785423278809,0.0015370971523225307,-0.10000000149011612,0.5,0.4000000059604645,0.0,0.0,1.0,0.0,-7.571303513032035e-07,2.474524194440164e-07,-1.3215468186444923e-07,-3.967434381024759e-08,2.934131771326065e-06,1.9939616890951584e-07,0.01824408769607544,3.1363542079925537,0.004820896312594414
672,-0.0991269126534462,0.49937567114830017,0.4008728265762329,0.0025922786444425583,0.005816944874823093,0.9999785423278809,0.0015370971523225307,-0.10000000149011612,0.5,0.4000000059604645,0.0,0.0,1.0,0.0,-7.567577995359898e-07,2.4652109686940094e-07,-1.3215468186444923e-07,-3.930181335931593e-08,2.9371119580900995e-06,1.9939616890951584e-07,0.01824408583343029,3.1363542079925537,0.004820896778255701
673,-0.0991269126534462,0.49937567114830017,0.4008728265762329,0.0025922786444425583,0.005816944874823093,0.9999785423278809,0.0015370971523225307,-0.10000000149011612,0.5,0.4000000059604645,0.0,0.0,1.0,0.0,-7.571303513032035e-07,2.4726614356040955e-07,-1.314096209625859e-07,-3.948807858478176e-08,2.9326417916308856e-06,1.9641593951291725e-07,0.01824408955872059,3.1363542079925537,0.004820896312594414
674,-0.0991269126534462,0.49937567114830017,0.4008728265762329,0.0025922786444425583,0.005816944874823093,0.9999785423278809,0.0015370971523225307,-0.10000000149011612,0.5,0.4000000059604645,0.0,0.0,1.0,0.0,-7.565715236523829e-07,2.4726614356040955e-07,-1.2917443825699593e-07,-3.948807858478176e-08,2.934131771326065e-06,1.9939616890951584e-07,0.01824408583343029,3.1363542079925537,0.004820896778255701
675,-0.0991269126534462,0.49937567114830017,0.4008728265762329,0.0025922786444425583,0.005816944874823093,0.9999785423278809,0.0015370971523225307,-0.10000000149011612,0.5,0.4000000059604645,0.0,0.0,1.0,0.0,-7.573166271868104e-07,2.4633482098579407e-07,-1.314096209625859e-07,-4.060566638486307e-08,2.9311515845620306e-06,1.9790604710578918e-07,0.01824408769607544,3.1363542079925537,0.004820894915610552
676,-0.0991269126534462,0.49937567114830017,0.4008728265762329,0.0025922786444425583,0.005816944874823093,0.9999785423278809,0.0015370971523225307,-0.10000000149011612,0.5,0.4000000059604645,0.0,0.0,1.0,0.0,-7.567577995359898e-07,2.4652109686940094e-07,-1.3215468186444923e-07,-3.930181335931593e-08,2.93562197839492e-06,1.9790604710578918e-07,0.01824408955872059,3.1363542079925537,0.004820896778255701
677,-0.0991269126534462,0.49937567114830017,0.4008728265762329,0.0025922786444425583,0.005816944874823093,0.9999785423278809,0.0015370971523225307,-0.10000000149011612,0.5,0.4000000059604645,0.0,0.0,1.0,0.0,-7.571303513032035e-07,2.474524194440164e-07,-1.3215468186444923e-07,-3.967434381024759e-08,2.934131771326065e-06,1.9939616890951584e-07,0.01824408769607544,3.1363542079925537,0.004820896312594414
678,-0.0991269126534462,0.49937567114830017,0.4008728265762329,0.0025922786444425583,0.005816944874823093,0.9999785423278809,0.0015370971523225307,-0.10000000149011612,0.5,0.4000000059604645,0.0,0.0,1.0,0.0,-7.567577995359898e-07,2.4652109686940094e-07,-1.3215468186444923e-07,-3.930181335931593e-08,2.9371119580900995e-06,1.9939616890951584e-07,0.01824408583343029,3.1363542079925537,0.004820896778255701
679,-0.0991269126534462,0.49937567114830017,0.4008728265762329,0.0025922786444425583,0.005816944874823093,0.9999785423278809,0.0015370971523225307,-0.10000000149011612,0.5,0.4000000059604645,0.0,0.0,1.0,0.0,-7.571303513032035e-07,2.4726614356040955e-07,-1.314096209625859e-07,-3.948807858478176e-08,2.9326417916308856e-06,1.9641593951291725e-07,0.01824408955872059,3.1363542079925537,0.004820896312594414
680,-0.0991269126534462,0.49937567114830017,0.4008728265762329,0.0025922786444425583,0.005816944874823093,0.9999785423278809,0.0015370971523225307,-0.10000000149011612,0.5,0.4000000059604645,0.0,0.0,1.0,0.0,-7.565715236523829e-07,2.4726614356040955e-07,-1.2917443825699593e-07,-3.948807858478176e-08,2.934131771326065e-06,1.9939616890951584e-07,0.01824408583343029,3.1363542079925537,0.004820896778255701
681,-0.0991269126534462,0.49937567114830017,0.4008728265762329,0.0025922786444425583,0.005816944874823093,0.9999785423278809,0.0015370971523225307,-0.10000000149011612,0.5,0.4000000059604645,0.0,0.0,1.0,0.0,-7.573166271868104e-07,2.4633482098579407e-07,-1.314096209625859e-07,-4.060566638486307e-08,2.9311515845620306e-06,1.9790604710578918e-07,0.01824408769607544,3.1363542079925537,0.004820894915610552
682,-0.0991269126534462,0.49937567114830017,0.4008728265762329,0.0025922786444425583,0.005816944874823093,0.9999785423278809,0.0015370971523225307,-0.10000000149011612,0.5,0.4000000059604645,0.0,0.0,1.0,0.0,-7.567577995359898e-07,2.4652109686940094e-07,-1.3215468186444923e-07,-3.930181335931593e-08,2.93562197839492e-06,1.9790604710578918e-07,0.01824408955872059,3.1363542079925537,0.004820896778255701
683,-0.0991269126534462,0.49937567114830017,0.4008728265762329,0.0025922786444425583,0.005816944874823093,0.9999785423278809,0.0015370971523225307,-0.10000000149011612,0.5,0.4000000059604645,0.0,0.0,1.0,0.0,-7.571303513032035e-07,2.474524194440164e-07,-1.3215468186444923e-07,-3.967434381024759e-08,2.934131771326065e-06,1.9939616890951584e-07,0.01824408769607544,3.1363542079925537,0.004820896312594414
684,-0.0991269126534462,0.49937567114830017,0.4008728265762329,0.0025922786444425583,0.005816944874823093,0.9999785423278809,0.0015370971523225307,-0.10000000149011612,0.5,0.4000000059604645,0.0,0.0,1.0,0.0,-7.567577995359898e-07,2.4652109686940094e-07,-1.3215468186444923e-07,-3.930181335931593e-08,2.9371119580900995e-06,1.9939616890951584e-07,0.01824408583343029,3.1363542079925537,0.004820896778255701
685,-0.0991269126534462,0.49937567114830017,0.4008728265762329,0.0025922786444425583,0.005816944874823093,0.9999785423278809,0.0015370971523225307,-0.10000000149011612,0.5,0.4000000059604645,0.0,0.0,1.0,0.0,-7.571303513032035e-07,2.4726614356040955e-07,-1.314096209625859e-07,-3.948807858478176e-08,2.9326417916308856e-06,1.9641593951291725e-07,0.01824408955872059,3.1363542079925537,0.004820896312594414
686,-0.0991269126534462,0.49937567114830017,0.4008728265762329,0.0025922786444425583,0.005816944874823093,0.9999785423278809,0.0015370971523225307,-0.10000000149011612,0.5,0.4000000059604645,0.0,0.0,1.0,0.0,-7.565715236523829e-07,2.4726614356040955e-07,-1.2917443825699593e-07,-3.948807858478176e-08,2.934131771326065e-06,1.9939616890951584e-07,0.01824408583343029,3.1363542079925537,0.004820896778255701
687,-0.0991269126534462,0.49937567114830017,0.4008728265762329,0.0025922786444425583,0.005816944874823093,0.9999785423278809,0.0015370971523225307,-0.10000000149011612,0.5,0.4000000059604645,0.0,0.0,1.0,0.0,-7.573166271868104e-07,2.4633482098579407e-07,-1.314096209625859e-07,-4.060566638486307e-08,2.9311515845620306e-06,1.9790604710578918e-07,0.01824408769607544,3.1363542079925537,0.004820894915610552
688,-0.0991269126534462,0.49937567114830017,0.4008728265762329,0.0025922786444425583,0.005816944874823093,0.9999785423278809,0.0015370971523225307,-0.10000000149011612,0.5,0.4000000059604645,0.0,0.0,1.0,0.0,-7.567577995359898e-07,2.4652109686940094e-07,-1.3215468186444923e-07,-3.930181335931593e-08,2.93562197839492e-06,1.9790604710578918e-07,0.01824408955872059,3.1363542079925537,0.004820896778255701
689,-0.0991269126534462,0.49937567114830017,0.4008728265762329,0.0025922786444425583,0.005816944874823093,0.9999785423278809,0.0015370971523225307,-0.10000000149011612,0.5,0.4000000059604645,0.0,0.0,1.0,0.0,-7.571303513032035e-07,2.474524194440164e-07,-1.3215468186444923e-07,-3.967434381024759e-08,2.934131771326065e-06,1.9939616890951584e-07,0.01824408769607544,3.1363542079925537,0.004820896312594414
690,-0.0991269126534462,0.49937567114830017,0.4008728265762329,0.0025922786444425583,0.005816944874823093,0.9999785423278809,0.0015370971523225307,-0.10000000149011612,0.5,0.4000000059604645,0.0,0.0,1.0,0.0,-7.567577995359898e-07,2.4652109686940094e-07,-1.3215468186444923e-07,-3.930181335931593e-08,2.9371119580900995e-06,1.9939616890951584e-07,0.01824408583343029,3.1363542079925537,0.004820896778255701
691,-0.0991269126534462,0.49937567114830017,0.4008728265762329,0.0025922786444425583,0.005816944874823093,0.9999785423278809,0.0015370971523225307,-0.10000000149011612,0.5,0.4000000059604645,0.0,0.0,1.0,0.0,-7.571303513032035e-07,2.4726614356040955e-07,-1.314096209625859e-07,-3.948807858478176e-08,2.9326417916308856e-06,1.9641593951291725e-07,0.01824408955872059,3.1363542079925537,0.004820896312594414
692,-0.0991269126534462,0.49937567114830017,0.4008728265762329,0.0025922786444425583,0.005816944874823093,0.9999785423278809,0.0015370971523225307,-0.10000000149011612,0.5,0.4000000059604645,0.0,0.0,1.0,0.0,-7.565715236523829e-07,2.4726614356040955e-07,-1.2917443825699593e-07,-3.948807858478176e-08,2.934131771326065e-06,1.9939616890951584e-07,0.01824408583343029,3.1363542079925537,0.004820896778255701
693,-0.0991269126534462,0.49937567114830017,0.4008728265762329,0.0025922786444425583,0.005816944874823093,0.9999785423278809,0.0015370971523225307,-0.10000000149011612,0.5,0.4000000059604645,0.0,0.0,1.0,0.0,-7.573166271868104e-07,2.4633482098579407e-07,-1.314096209625859e-07,-4.060566638486307e-08,2.9311515845620306e-06,1.9790604710578918e-07,0.01824408769607544,3.1363542079925537,0.004820894915610552
694,-0.0991269126534462,0.49937567114830017,0.4008728265762329,0.0025922786444425583,0.005816944874823093,0.9999785423278809,0.0015370971523225307,-0.10000000149011612,0.5,0.4000000059604645,0.0,0.0,1.0,0.0,-7.567577995359898e-07,2.4652109686940094e-07,-1.3215468186444923e-07,-3.930181335931593e-08,2.93562197839492e-06,1.9790604710578918e-07,0.01824408955872059,3.1363542079925537,0.004820896778255701
695,-0.0991269126534462,0.49937567114830017,0.4008728265762329,0.0025922786444425583,0.005816944874823093,0.9999785423278809,0.0015370971523225307,-0.10000000149011612,0.5,0.4000000059604645,0.0,0.0,1.0,0.0,-7.571303513032035e-07,2.474524194440164e-07,-1.3215468186444923e-07,-3.967434381024759e-08,2.934131771326065e-06,1.9939616890951584e-07,0.01824408769607544,3.1363542079925537,0.004820896312594414
696,-0.0991269126534462,0.49937567114830017,0.4008728265762329,0.0025922786444425583,0.005816944874823093,0.9999785423278809,0.0015370971523225307,-0.10000000149011612,0.5,0.4000000059604645,0.0,0.0,1.0,0.0,-7.567577995359898e-07,2.4652109686940094e-07,-1.3215468186444923e-07,-3.930181335931593e-08,2.9371119580900995e-06,1.9939616890951584e-07,0.01824408583343029,3.1363542079925537,0.004820896778255701
697,-0.0991269126534462,0.49937567114830017,0.4008728265762329,0.0025922786444425583,0.005816944874823093,0.9999785423278809,0.0015370971523225307,-0.10000000149011612,0.5,0.4000000059604645,0.0,0.0,1.0,0.0,-7.571303513032035e-07,2.4726614356040955e-07,-1.314096209625859e-07,-3.948807858478176e-08,2.9326417916308856e-06,1.9641593951291725e-07,0.01824408955872059,3.1363542079925537,0.004820896312594414
698,-0.0991269126534462,0.49937567114830017,0.4008728265762329,0.0025922786444425583,0.005816944874823093,0.9999785423278809,0.0015370971523225307,-0.10000000149011612,0.5,0.4000000059604645,0.0,0.0,1.0,0.0,-7.565715236523829e-07,2.4726614356040955e-07,-1.2917443825699593e-07,-3.948807858478176e-08,2.934131771326065e-06,1.9939616890951584e-07,0.01824408583343029,3.1363542079925537,0.004820896778255701
699,-0.0991269126534462,0.49937567114830017,0.4008728265762329,0.0025922786444425583,0.005816944874823093,0.9999785423278809,0.0015370971523225307,-0.10000000149011612,0.5,0.4000000059604645,0.0,0.0,1.0,0.0,-7.573166271868104e-07,2.4633482098579407e-07,-1.314096209625859e-07,-4.060566638486307e-08,2.9311515845620306e-06,1.9790604710578918e-07,0.01824408769607544,3.1363542079925537,0.004820894915610552
700,-0.0991269126534462,0.49937567114830017,0.4008728265762329,0.0025922786444425583,0.005816944874823093,0.9999785423278809,0.0015370971523225307,-0.10000000149011612,0.5,0.4000000059604645,0.0,0.0,1.0,0.0,-7.567577995359898e-07,2.4652109686940094e-07,-1.3215468186444923e-07,-3.930181335931593e-08,2.93562197839492e-06,1.9790604710578918e-07,0.01824408955872059,3.1363542079925537,0.004820896778255701
701,-0.0991269126534462,0.49937567114830017,0.4008728265762329,0.0025922786444425583,0.005816944874823093,0.9999785423278809,0.0015370971523225307,-0.10000000149011612,0.5,0.4000000059604645,0.0,0.0,1.0,0.0,-7.571303513032035e-07,2.474524194440164e-07,-1.3215468186444923e-07,-3.967434381024759e-08,2.934131771326065e-06,1.9939616890951584e-07,0.01824408769607544,3.1363542079925537,0.004820896312594414
702,-0.0991269126534462,0.49937567114830017,0.4008728265762329,0.0025922786444425583,0.005816944874823093,0.9999785423278809,0.0015370971523225307,-0.10000000149011612,0.5,0.4000000059604645,0.0,0.0,1.0,0.0,-7.567577995359898e-07,2.4652109686940094e-07,-1.3215468186444923e-07,-3.930181335931593e-08,2.9371119580900995e-06,1.9939616890951584e-07,0.01824408583343029,3.1363542079925537,0.004820896778255701
703,-0.0991269126534462,0.49937567114830017,0.4008728265762329,0.0025922786444425583,0.005816944874823093,0.9999785423278809,0.0015370971523225307,-0.10000000149011612,0.5,0.4000000059604645,0.0,0.0,1.0,0.0,-7.571303513032035e-07,2.4726614356040955e-07,-1.314096209625859e-07,-3.948807858478176e-08,2.9326417916308856e-06,1.9641593951291725e-07,0.01824408955872059,3.1363542079925537,0.004820896312594414
704,-0.0991269126534462,0.49937567114830017,0.4008728265762329,0.0025922786444425583,0.005816944874823093,0.9999785423278809,0.0015370971523225307,-0.10000000149011612,0.5,0.4000000059604645,0.0,0.0,1.0,0.0,-7.565715236523829e-07,2.4726614356040955e-07,-1.2917443825699593e-07,-3.948807858478176e-08,2.934131771326065e-06,1.9939616890951584e-07,0.01824408583343029,3.1363542079925537,0.004820896778255701
705,-0.0991269126534462,0.49937567114830017,0.4008728265762329,0.0025922786444425583,0.005816944874823093,0.9999785423278809,0.0015370971523225307,-0.10000000149011612,0.5,0.4000000059604645,0.0,0.0,1.0,0.0,-7.573166271868104e-07,2.4633482098579407e-07,-1.314096209625859e-07,-4.060566638486307e-08,2.9311515845620306e-06,1.9790604710578918e-07,0.01824408769607544,3.1363542079925537,0.004820894915610552
706,-0.0991269126534462,0.49937567114830017,0.4008728265762329,0.0025922786444425583,0.005816944874823093,0.9999785423278809,0.0015370971523225307,-0.10000000149011612,0.5,0.4000000059604645,0.0,0.0,1.0,0.0,-7.567577995359898e-07,2.4652109686940094e-07,-1.3215468186444923e-07,-3.930181335931593e-08,2.93562197839492e-06,1.9790604710578918e-07,0.01824408955872059,3.1363542079925537,0.004820896778255701
707,-0.0991269126534462,0.49937567114830017,0.4008728265762329,0.0025922786444425583,0.005816944874823093,0.9999785423278809,0.0015370971523225307,-0.10000000149011612,0.5,0.4000000059604645,0.0,0.0,1.0,0.0,-7.571303513032035e-07,2.474524194440164e-07,-1.3215468186444923e-07,-3.967434381024759e-08,2.934131771326065e-06,1.9939616890951584e-07,0.01824408769607544,3.1363542079925537,0.004820896312594414
708,-0.0991269126534462,0.49937567114830017,0.4008728265762329,0.0025922786444425583,0.005816944874823093,0.9999785423278809,0.0015370971523225307,-0.10000000149011612,0.5,0.4000000059604645,0.0,0.0,1.0,0.0,-7.567577995359898e-07,2.4652109686940094e-07,-1.3215468186444923e-07,-3.930181335931593e-08,2.9371119580900995e-06,1.9939616890951584e-07,0.01824408583343029,3.1363542079925537,0.004820896778255701
709,-0.0991269126534462,0.49937567114830017,0.4008728265762329,0.0025922786444425583,0.005816944874823093,0.9999785423278809,0.0015370971523225307,-0.10000000149011612,0.5,0.4000000059604645,0.0,0.0,1.0,0.0,-7.571303513032035e-07,2.4726614356040955e-07,-1.314096209625859e-07,-3.948807858478176e-08,2.9326417916308856e-06,1.9641593951291725e-07,0.01824408955872059,3.1363542079925537,0.004820896312594414
710,-0.0991269126534462,0.49937567114830017,0.4008728265762329,0.0025922786444425583,0.005816944874823093,0.9999785423278809,0.0015370971523225307,-0.10000000149011612,0.5,0.4000000059604645,0.0,0.0,1.0,0.0,-7.565715236523829e-07,2.4726614356040955e-07,-1.2917443825699593e-07,-3.948807858478176e-08,2.934131771326065e-06,1.9939616890951584e-07,0.01824408583343029,3.1363542079925537,0.004820896778255701
711,-0.0991269126534462,0.49937567114830017,0.4008728265762329,0.0025922786444425583,0.005816944874823093,0.9999785423278809,0.0015370971523225307,-0.10000000149011612,0.5,0.4000000059604645,0.0,0.0,1.0,0.0,-7.573166271868104e-07,2.4633482098579407e-07,-1.314096209625859e-07,-4.060566638486307e-08,2.9311515845620306e-06,1.9790604710578918e-07,0.01824408769607544,3.1363542079925537,0.004820894915610552
712,-0.0991269126534462,0.49937567114830017,0.4008728265762329,0.0025922786444425583,0.005816944874823093,0.9999785423278809,0.0015370971523225307,-0.10000000149011612,0.5,0.4000000059604645,0.0,0.0,1.0,0.0,-7.567577995359898e-07,2.4652109686940094e-07,-1.3215468186444923e-07,-3.930181335931593e-08,2.93562197839492e-06,1.9790604710578918e-07,0.01824408955872059,3.1363542079925537,0.004820896778255701
713,-0.0991269126534462,0.49937567114830017,0.4008728265762329,0.0025922786444425583,0.005816944874823093,0.9999785423278809,0.0015370971523225307,-0.10000000149011612,0.5,0.4000000059604645,0.0,0.0,1.0,0.0,-7.571303513032035e-07,2.474524194440164e-07,-1.3215468186444923e-07,-3.967434381024759e-08,2.934131771326065e-06,1.9939616890951584e-07,0.01824408769607544,3.1363542079925537,0.004820896312594414
714,-0.0991269126534462,0.49937567114830017,0.4008728265762329,0.0025922786444425583,0.005816944874823093,0.9999785423278809,0.0015370971523225307,-0.10000000149011612,0.5,0.4000000059604645,0.0,0.0,1.0,0.0,-7.567577995359898e-07,2.4652109686940094e-07,-1.3215468186444923e-07,-3.930181335931593e-08,2.9371119580900995e-06,1.9939616890951584e-07,0.01824408583343029,3.1363542079925537,0.004820896778255701
715,-0.0991269126534462,0.49937567114830017,0.4008728265762329,0.0025922786444425583,0.005816944874823093,0.9999785423278809,0.0015370971523225307,-0.10000000149011612,0.5,0.4000000059604645,0.0,0.0,1.0,0.0,-7.571303513032035e-07,2.4726614356040955e-07,-1.314096209625859e-07,-3.948807858478176e-08,2.9326417916308856e-06,1.9641593951291725e-07,0.01824408955872059,3.1363542079925537,0.004820896312594414
716,-0.0991269126534462,0.49937567114830017,0.4008728265762329,0.0025922786444425583,0.005816944874823093,0.9999785423278809,0.0015370971523225307,-0.10000000149011612,0.5,0.4000000059604645,0.0,0.0,1.0,0.0,-7.565715236523829e-07,2.4726614356040955e-07,-1.2917443825699593e-07,-3.948807858478176e-08,2.934131771326065e-06,1.9939616890951584e-07,0.01824408583343029,3.1363542079925537,0.004820896778255701
717,-0.0991269126534462,0.49937567114830017,0.4008728265762329,0.0025922786444425583,0.005816944874823093,0.9999785423278809,0.0015370971523225307,-0.10000000149011612,0.5,0.4000000059604645,0.0,0.0,1.0,0.0,-7.573166271868104e-07,2.4633482098579407e-07,-1.314096209625859e-07,-4.060566638486307e-08,2.9311515845620306e-06,1.9790604710578918e-07,0.01824408769607544,3.1363542079925537,0.004820894915610552
718,-0.0991269126534462,0.49937567114830017,0.4008728265762329,0.0025922786444425583,0.005816944874823093,0.9999785423278809,0.0015370971523225307,-0.10000000149011612,0.5,0.4000000059604645,0.0,0.0,1.0,0.0,-7.567577995359898e-07,2.4652109686940094e-07,-1.3215468186444923e-07,-3.930181335931593e-08,2.93562197839492e-06,1.9790604710578918e-07,0.01824408955872059,3.1363542079925537,0.004820896778255701
719,-0.0991269126534462,0.49937567114830017,0.4008728265762329,0.0025922786444425583,0.005816944874823093,0.9999785423278809,0.0015370971523225307,-0.10000000149011612,0.5,0.4000000059604645,0.0,0.0,1.0,0.0,-7.571303513032035e-07,2.474524194440164e-07,-1.3215468186444923e-07,-3.967434381024759e-08,2.934131771326065e-06,1.9939616890951584e-07,0.01824408769607544,3.1363542079925537,0.004820896312594414
720,-0.0991269126534462,0.49937567114830017,0.4008728265762329,0.0025922786444425583,0.005816944874823093,0.9999785423278809,0.0015370971523225307,-0.10000000149011612,0.5,0.4000000059604645,0.0,0.0,1.0,0.0,-7.567577995359898e-07,2.4652109686940094e-07,-1.3215468186444923e-07,-3.930181335931593e-08,2.9371119580900995e-06,1.9939616890951584e-07,0.01824408583343029,3.1363542079925537,0.004820896778255701
721,-0.0991269126534462,0.49937567114830017,0.4008728265762329,0.0025922786444425583,0.005816944874823093,0.9999785423278809,0.0015370971523225307,-0.10000000149011612,0.5,0.4000000059604645,0.0,0.0,1.0,0.0,-7.571303513032035e-07,2.4726614356040955e-07,-1.314096209625859e-07,-3.948807858478176e-08,2.9326417916308856e-06,1.9641593951291725e-07,0.01824408955872059,3.1363542079925537,0.004820896312594414
722,-0.0991269126534462,0.49937567114830017,0.4008728265762329,0.0025922786444425583,0.005816944874823093,0.9999785423278809,0.0015370971523225307,-0.10000000149011612,0.5,0.4000000059604645,0.0,0.0,1.0,0.0,-7.565715236523829e-07,2.4726614356040955e-07,-1.2917443825699593e-07,-3.948807858478176e-08,2.934131771326065e-06,1.9939616890951584e-07,0.01824408583343029,3.1363542079925537,0.004820896778255701
723,-0.0991269126534462,0.49937567114830017,0.4008728265762329,0.0025922786444425583,0.005816944874823093,0.9999785423278809,0.0015370971523225307,-0.10000000149011612,0.5,0.4000000059604645,0.0,0.0,1.0,0.0,-7.573166271868104e-07,2.4633482098579407e-07,-1.314096209625859e-07,-4.060566638486307e-08,2.9311515845620306e-06,1.9790604710578918e-07,0.01824408769607544,3.1363542079925537,0.004820894915610552
724,-0.0991269126534462,0.49937567114830017,0.4008728265762329,0.0025922786444425583,0.005816944874823093,0.9999785423278809,0.0015370971523225307,-0.10000000149011612,0.5,0.4000000059604645,0.0,0.0,1.0,0.0,-7.567577995359898e-07,2.4652109686940094e-07,-1.3215468186444923e-07,-3.930181335931593e-08,2.93562197839492e-06,1.9790604710578918e-07,0.01824408955872059,3.1363542079925537,0.004820896778255701
725,-0.0991269126534462,0.49937567114830017,0.4008728265762329,0.0025922786444425583,0.005816944874823093,0.9999785423278809,0.0015370971523225307,-0.10000000149011612,0.5,0.4000000059604645,0.0,0.0,1.0,0.0,-7.571303513032035e-07,2.474524194440164e-07,-1.3215468186444923e-07,-3.967434381024759e-08,2.934131771326065e-06,1.9939616890951584e-07,0.01824408769607544,3.1363542079925537,0.004820896312594414
726,-0.0991269126534462,0.49937567114830017,0.4008728265762329,0.0025922786444425583,0.005816944874823093,0.9999785423278809,0.0015370971523225307,-0.10000000149011612,0.5,0.4000000059604645,0.0,0.0,1.0,0.0,-7.567577995359898e-07,2.4652109686940094e-07,-1.3215468186444923e-07,-3.930181335931593e-08,2.9371119580900995e-06,1.9939616890951584e-07,0.01824408583343029,3.1363542079925537,0.004820896778255701
727,-0.0991269126534462,0.49937567114830017,0.4008728265762329,0.0025922786444425583,0.005816944874823093,0.9999785423278809,0.0015370971523225307,-0.10000000149011612,0.5,0.4000000059604645,0.0,0.0,1.0,0.0,-7.571303513032035e-07,2.4726614356040955e-07,-1.314096209625859e-07,-3.948807858478176e-08,2.9326417916308856e-06,1.9641593951291725e-07,0.01824408955872059,3.1363542079925537,0.004820896312594414
728,-0.0991269126534462,0.49937567114830017,0.4008728265762329,0.0025922786444425583,0.005816944874823093,0.9999785423278809,0.0015370971523225307,-0.10000000149011612,0.5,0.4000000059604645,0.0,0.0,1.0,0.0,-7.565715236523829e-07,2.4726614356040955e-07,-1.2917443825699593e-07,-3.948807858478176e-08,2.934131771326065e-06,1.9939616890951584e-07,0.01824408583343029,3.1363542079925537,0.004820896778255701
729,-0.0991269126534462,0.49937567114830017,0.4008728265762329,0.0025922786444425583,0.005816944874823093,0.9999785423278809,0.0015370971523225307,-0.10000000149011612,0.5,0.4000000059604645,0.0,0.0,1.0,0.0,-7.573166271868104e-07,2.4633482098579407e-07,-1.314096209625859e-07,-4.060566638486307e-08,2.9311515845620306e-06,1.9790604710578918e-07,0.01824408769607544,3.1363542079925537,0.004820894915610552
730,-0.0991269126534462,0.49937567114830017,0.4008728265762329,0.0025922786444425583,0.005816944874823093,0.9999785423278809,0.0015370971523225307,-0.10000000149011612,0.5,0.4000000059604645,0.0,0.0,1.0,0.0,-7.567577995359898e-07,2.4652109686940094e-07,-1.3215468186444923e-07,-3.930181335931593e-08,2.93562197839492e-06,1.9790604710578918e-07,0.01824408955872059,3.1363542079925537,0.004820896778255701
731,-0.0991269126534462,0.49937567114830017,0.4008728265762329,0.0025922786444425583,0.005816944874823093,0.9999785423278809,0.0015370971523225307,-0.10000000149011612,0.5,0.4000000059604645,0.0,0.0,1.0,0.0,-7.571303513032035e-07,2.474524194440164e-07,-1.3215468186444923e-07,-3.967434381024759e-08,2.934131771326065e-06,1.9939616890951584e-07,0.01824408769607544,3.1363542079925537,0.004820896312594414
732,-0.0991269126534462,0.49937567114830017,0.4008728265762329,0.0025922786444425583,0.005816944874823093,0.9999785423278809,0.0015370971523225307,-0.10000000149011612,0.5,0.4000000059604645,0.0,0.0,1.0,0.0,-7.567577995359898e-07,2.4652109686940094e-07,-1.3215468186444923e-07,-3.930181335931593e-08,2.9371119580900995e-06,1.9939616890951584e-07,0.01824408583343029,3.1363542079925537,0.004820896778255701
733,-0.0991269126534462,0.49937567114830017,0.4008728265762329,0.0025922786444425583,0.005816944874823093,0.9999785423278809,0.0015370971523225307,-0.10000000149011612,0.5,0.4000000059604645,0.0,0.0,1.0,0.0,-7.571303513032035e-07,2.4726614356040955e-07,-1.314096209625859e-07,-3.948807858478176e-08,2.9326417916308856e-06,1.9641593951291725e-07,0.01824408955872059,3.1363542079925537,0.004820896312594414
734,-0.0991269126534462,0.49937567114830017,0.4008728265762329,0.0025922786444425583,0.005816944874823093,0.9999785423278809,0.0015370971523225307,-0.10000000149011612,0.5,0.4000000059604645,0.0,0.0,1.0,0.0,-7.565715236523829e-07,2.4726614356040955e-07,-1.2917443825699593e-07,-3.948807858478176e-08,2.934131771326065e-06,1.9939616890951584e-07,0.01824408583343029,3.1363542079925537,0.004820896778255701
735,-0.0991269126534462,0.49937567114830017,0.4008728265762329,0.0025922786444425583,0.005816944874823093,0.9999785423278809,0.0015370971523225307,-0.10000000149011612,0.5,0.4000000059604645,0.0,0.0,1.0,0.0,-7.573166271868104e-07,2.4633482098579407e-07,-1.314096209625859e-07,-4.060566638486307e-08,2.9311515845620306e-06,1.9790604710578918e-07,0.01824408769607544,3.1363542079925537,0.004820894915610552
736,-0.0991269126534462,0.49937567114830017,0.4008728265762329,0.0025922786444425583,0.005816944874823093,0.9999785423278809,0.0015370971523225307,-0.10000000149011612,0.5,0.4000000059604645,0.0,0.0,1.0,0.0,-7.567577995359898e-07,2.4652109686940094e-07,-1.3215468186444923e-07,-3.930181335931593e-08,2.93562197839492e-06,1.9790604710578918e-07,0.01824408955872059,3.1363542079925537,0.004820896778255701
737,-0.0991269126534462,0.49937567114830017,0.4008728265762329,0.0025922786444425583,0.005816944874823093,0.9999785423278809,0.0015370971523225307,-0.10000000149011612,0.5,0.4000000059604645,0.0,0.0,1.0,0.0,-7.571303513032035e-07,2.474524194440164e-07,-1.3215468186444923e-07,-3.967434381024759e-08,2.934131771326065e-06,1.9939616890951584e-07,0.01824408769607544,3.1363542079925537,0.004820896312594414
738,-0.0991269126534462,0.49937567114830017,0.4008728265762329,0.0025922786444425583,0.005816944874823093,0.9999785423278809,0.0015370971523225307,-0.10000000149011612,0.5,0.4000000059604645,0.0,0.0,1.0,0.0,-7.567577995359898e-07,2.4652109686940094e-07,-1.3215468186444923e-07,-3.930181335931593e-08,2.9371119580900995e-06,1.9939616890951584e-07,0.01824408583343029,3.1363542079925537,0.004820896778255701
739,-0.0991269126534462,0.49937567114830017,0.4008728265762329,0.0025922786444425583,0.005816944874823093,0.9999785423278809,0.0015370971523225307,-0.10000000149011612,0.5,0.4000000059604645,0.0,0.0,1.0,0.0,-7.571303513032035e-07,2.4726614356040955e-07,-1.314096209625859e-07,-3.948807858478176e-08,2.9326417916308856e-06,1.9641593951291725e-07,0.01824408955872059,3.1363542079925537,0.004820896312594414
740,-0.0991269126534462,0.49937567114830017,0.4008728265762329,0.0025922786444425583,0.005816944874823093,0.9999785423278809,0.0015370971523225307,-0.10000000149011612,0.5,0.4000000059604645,0.0,0.0,1.0,0.0,-7.565715236523829e-07,2.4726614356040955e-07,-1.2917443825699593e-07,-3.948807858478176e-08,2.934131771326065e-06,1.9939616890951584e-07,0.01824408583343029,3.1363542079925537,0.004820896778255701
741,-0.0991269126534462,0.49937567114830017,0.4008728265762329,0.0025922786444425583,0.005816944874823093,0.9999785423278809,0.0015370971523225307,-0.10000000149011612,0.5,0.4000000059604645,0.0,0.0,1.0,0.0,-7.573166271868104e-07,2.4633482098579407e-07,-1.314096209625859e-07,-4.060566638486307e-08,2.9311515845620306e-06,1.9790604710578918e-07,0.01824408769607544,3.1363542079925537,0.004820894915610552
742,-0.0991269126534462,0.49937567114830017,0.4008728265762329,0.0025922786444425583,0.005816944874823093,0.9999785423278809,0.0015370971523225307,-0.10000000149011612,0.5,0.4000000059604645,0.0,0.0,1.0,0.0,-7.567577995359898e-07,2.4652109686940094e-07,-1.3215468186444923e-07,-3.930181335931593e-08,2.93562197839492e-06,1.9790604710578918e-07,0.01824408955872059,3.1363542079925537,0.004820896778255701
743,-0.0991269126534462,0.49937567114830017,0.4008728265762329,0.0025922786444425583,0.005816944874823093,0.9999785423278809,0.0015370971523225307,-0.10000000149011612,0.5,0.4000000059604645,0.0,0.0,1.0,0.0,-7.571303513032035e-07,2.474524194440164e-07,-1.3215468186444923e-07,-3.967434381024759e-08,2.934131771326065e-06,1.9939616890951584e-07,0.01824408769607544,3.1363542079925537,0.004820896312594414
744,-0.0991269126534462,0.49937567114830017,0.4008728265762329,0.0025922786444425583,0.005816944874823093,0.9999785423278809,0.0015370971523225307,-0.10000000149011612,0.5,0.4000000059604645,0.0,0.0,1.0,0.0,-7.567577995359898e-07,2.4652109686940094e-07,-1.3215468186444923e-07,-3.930181335931593e-08,2.9371119580900995e-06,1.9939616890951584e-07,0.01824408583343029,3.1363542079925537,0.004820896778255701
745,-0.0991269126534462,0.49937567114830017,0.4008728265762329,0.0025922786444425583,0.005816944874823093,0.9999785423278809,0.0015370971523225307,-0.10000000149011612,0.5,0.4000000059604645,0.0,0.0,1.0,0.0,-7.571303513032035e-07,2.4726614356040955e-07,-1.314096209625859e-07,-3.948807858478176e-08,2.9326417916308856e-06,1.9641593951291725e-07,0.01824408955872059,3.1363542079925537,0.004820896312594414
746,-0.0991269126534462,0.49937567114830017,0.4008728265762329,0.0025922786444425583,0.005816944874823093,0.9999785423278809,0.0015370971523225307,-0.10000000149011612,0.5,0.4000000059604645,0.0,0.0,1.0,0.0,-7.565715236523829e-07,2.4726614356040955e-07,-1.2917443825699593e-07,-3.948807858478176e-08,2.934131771326065e-06,1.9939616890951584e-07,0.01824408583343029,3.1363542079925537,0.004820896778255701
747,-0.0991269126534462,0.49937567114830017,0.4008728265762329,0.0025922786444425583,0.005816944874823093,0.9999785423278809,0.0015370971523225307,-0.10000000149011612,0.5,0.4000000059604645,0.0,0.0,1.0,0.0,-7.573166271868104e-07,2.4633482098579407e-07,-1.314096209625859e-07,-4.060566638486307e-08,2.9311515845620306e-06,1.9790604710578918e-07,0.01824408769607544,3.1363542079925537,0.004820894915610552
748,-0.0991269126534462,0.49937567114830017,0.4008728265762329,0.0025922786444425583,0.005816944874823093,0.9999785423278809,0.0015370971523225307,-0.10000000149011612,0.5,0.4000000059604645,0.0,0.0,1.0,0.0,-7.567577995359898e-07,2.4652109686940094e-07,-1.3215468186444923e-07,-3.930181335931593e-08,2.93562197839492e-06,1.9790604710578918e-07,0.01824408955872059,3.1363542079925537,0.004820896778255701
749,-0.0991269126534462,0.49937567114830017,0.4008728265762329,0.0025922786444425583,0.005816944874823093,0.9999785423278809,0.0015370971523225307,-0.10000000149011612,0.5,0.4000000059604645,0.0,0.0,1.0,0.0,-7.571303513032035e-07,2.474524194440164e-07,-1.3215468186444923e-07,-3.967434381024759e-08,2.934131771326065e-06,1.9939616890951584e-07,0.01824408769607544,3.1363542079925537,0.004820896312594414
750,-0.0991269126534462,0.49937567114830017,0.4008728265762329,0.0025922786444425583,0.005816944874823093,0.9999785423278809,0.0015370971523225307,-0.10000000149011612,0.5,0.4000000059604645,0.0,0.0,1.0,0.0,-7.567577995359898e-07,2.4652109686940094e-07,-1.3215468186444923e-07,-3.930181335931593e-08,2.9371119580900995e-06,1.9939616890951584e-07,0.01824408583343029,3.1363542079925537,0.004820896778255701
751,-0.0991269126534462,0.49937567114830017,0.4008728265762329,0.0025922786444425583,0.005816944874823093,0.9999785423278809,0.0015370971523225307,-0.10000000149011612,0.5,0.4000000059604645,0.0,0.0,1.0,0.0,-7.571303513032035e-07,2.4726614356040955e-07,-1.314096209625859e-07,-3.948807858478176e-08,2.9326417916308856e-06,1.9641593951291725e-07,0.01824408955872059,3.1363542079925537,0.004820896312594414
752,-0.0991269126534462,0.49937567114830017,0.4008728265762329,0.0025922786444425583,0.005816944874823093,0.9999785423278809,0.0015370971523225307,-0.10000000149011612,0.5,0.4000000059604645,0.0,0.0,1.0,0.0,-7.565715236523829e-07,2.4726614356040955e-07,-1.2917443825699593e-07,-3.948807858478176e-08,2.934131771326065e-06,1.9939616890951584e-07,0.01824408583343029,3.1363542079925537,0.004820896778255701
753,-0.0991269126534462,0.49937567114830017,0.4008728265762329,0.0025922786444425583,0.005816944874823093,0.9999785423278809,0.0015370971523225307,-0.10000000149011612,0.5,0.4000000059604645,0.0,0.0,1.0,0.0,-7.573166271868104e-07,2.4633482098579407e-07,-1.314096209625859e-07,-4.060566638486307e-08,2.9311515845620306e-06,1.9790604710578918e-07,0.01824408769607544,3.1363542079925537,0.004820894915610552
754,-0.0991269126534462,0.49937567114830017,0.4008728265762329,0.0025922786444425583,0.005816944874823093,0.9999785423278809,0.0015370971523225307,-0.10000000149011612,0.5,0.4000000059604645,0.0,0.0,1.0,0.0,-7.567577995359898e-07,2.4652109686940094e-07,-1.3215468186444923e-07,-3.930181335931593e-08,2.93562197839492e-06,1.9790604710578918e-07,0.01824408955872059,3.1363542079925537,0.004820896778255701
755,-0.0991269126534462,0.49937567114830017,0.4008728265762329,0.0025922786444425583,0.005816944874823093,0.9999785423278809,0.0015370971523225307,-0.10000000149011612,0.5,0.4000000059604645,0.0,0.0,1.0,0.0,-7.571303513032035e-07,2.474524194440164e-07,-1.3215468186444923e-07,-3.967434381024759e-08,2.934131771326065e-06,1.9939616890951584e-07,0.01824408769607544,3.1363542079925537,0.004820896312594414
